0.008629089910121873
0.038040465050293557
0.018166170019470698
0.007934300764585636
-0.013496052274627038
0.025790679171157363
-0.011033126537228377
0.06925633638470281
0.08196477053348798
-0.020604823110774287
0.051570188167538986
0.005107948424779976
0.01202869264309546
0.07523556724673473
-0.07583082803319642
-0.07298591798356983
-0.08481420616462368
0.05879943708604225
0.049171631207364244
0.06540952478668198
0.0846085688482628
0.052884262351919134
-0.006809551041645601
0.04959102071820727
-0.06748018550510138
0.024734775752809912
-0.06304682724023823
0.0786071016571598
0.0038622741167552987
-0.015085780231501325
-0.04162108081828354
0.048478125357185084
-0.007751599360613953
0.012097527327098706
-0.08506674882189628
0.02079521442265074
0.01981591141975779
0.020671205535346793
0.07844431886404783
0.032141591613359874
-0.024835729051852648
-0.011131283116638371
0.034936589703544046
-0.07774188780101476
0.029480468841959748
0.03016479868355662
-0.05119761375364197
-0.06559718281206293
-0.03262796616907334
-0.02409275951728955
0.012409153094969483
-0.010853821546346065
0.08633311316144492
-0.07034920323211132
-0.051463804981591914
-0.059872584156715064
0.027065983798175056
-0.04361229520494653
-0.005955470241559929
-0.04517959924835103
-0.06028622999878118
-0.06887659495039279
0.027635428202750972
-0.06396082216257454
-0.05363716739691036
-0.023206330506184758
0.05674412238511174
-0.07122310500453374
0.059740783939966194
-0.07140038867755541
0.0842269296678717
-0.005541736974239972
0.08428024961631626
0.01853424449718752
0.04229622487087627
-0.0814608592376285
-0.038394667397181094
-0.06714039677103452
-0.03603766218586037
-0.0674000538514793
-0.03217633203513372
-0.01515630449432627
-0.07704856523222726
0.03402458519897192
0.011773584976588647
-0.04147367047358653
0.004109714063922687
-0.07178185460196296
0.013425570503782097
0.07588956311093521
-0.032072781009861995
0.029594253728333964
-0.06508955708530914
0.038241608246841044
-0.0372280949384009
-0.05600438406581045
0.015293470716139887
-0.08483380208276885
0.058148931315824645
-0.08755829688415594
0.03143381974393039
-0.040657230443664615
0.04157682198435643
0.08170416360982129
-0.04441458899221024
0.013462841900986025
0.01627086843895588
0.012772453134594533
-0.04895271384873158
0.0800354740547916
-0.009347000833036731
0.061236980341541056
0.0352632870707964
-0.03580842641703972
0.05547214155829382
-0.018295373115243763
0.06737016375229397
0.014367149841831572
0.06748191574656674
0.034035098234154224
0.039819707187939965
0.00023411986031302012
0.08062495772524998
0.025454111574919655
-0.013460652879407883
0.018807840795521932
-0.08499543747902147
-0.03507694817190251
0.02831494863192882
-0.037109386866100255
0.0208623775324301
-0.012592033648493914
-0.06443969027666935
-0.03565898380041707
0.012368165700493913
0.016064186425932353
0.0131389718687287
0.027082334651079468
0.02688831341471065
-0.012123622342255017
0.07010019674568198
-0.0234119749441994
-0.011337586564145324
0.06928291550924111
0.05412796150326167
0.036042750006978236
-0.07067056972938143
0.07415475019217897
0.03787286893034879
0.08818452527968716
-0.06196937023319332
0.06507610787413308
-0.05966338364717661
0.02042823788401725
-0.06649986026850792
0.06151974471561876
0.05432682992541095
0.012215400214844518
-0.016407829984717973
-0.07616123476816164
0.034900806072965376
-0.00821257102851819
0.03925425504648174
0.06476785679275839
0.08406112019689334
0.06289773904366357
-0.0863175705576672
-0.024752615030553607
0.04065697157473984
-0.05804822048721264
0.003718781725022699
-0.07878265764063799
-0.05303362290632128
-0.08511412603260755
0.051918909415736805
-0.048803681297674165
-0.027338218819580644
0.07567479637715695
0.03613570244308062
-0.08275996690399134
-0.059274258927950296
0.021474550367046208
0.01365221467586826
-0.04633444085093967
0.0767589156046858
0.020146525071973134
0.0062990491629081324
0.015893988494159822
0.040680211892929655
-0.03324374223311009
-0.017992144272241287
-0.051292863175839316
-0.05547376338144534
0.07855468258242813
0.04234699790449502
-0.0016866602817792453
-0.04818674125308025
-0.043424049373669116
-0.07813014445542499
-0.01159361220023733
-0.033270102022300824
0.03470895309580911
-0.021610625855967402
-0.05663860306620346
-0.08402572359917562
-0.07650018003832862
0.03171246165917484
-0.008185318801188793
0.006466352056357941
0.07012224030271551
0.08668049869602086
-0.05004601552655001
0.02882842581894958
-0.04183908809106894
-0.08473773220819432
0.0456753245603468
-0.03181677328767716
-0.020600867671031017
0.015612407472144235
0.058521651899710384
0.022800984063310978
0.06587595137011622
-0.04003249070889276
0.05268773434268863
-0.055572238885641674
0.08004301277738878
0.03314355790670047
-0.050291612677128915
0.07908469455953708
0.04080992661086748
-0.0434973832721701
-0.05067976122210398
0.0032174620607021143
-0.08385177715830902
-0.05171247333889518
-0.013313853941924012
-0.022243815045626433
-0.006439016108371165
-0.03931006243005513
0.015341449970353471
0.06432119158026427
-0.06761145455926991
0.0030722211299104435
-0.06504178425453744
0.038335737784308946
-0.01837422224587691
0.011564963312317891
-0.05598874388788475
-0.06278263943047366
-0.0021113712364283083
-0.02552430304581403
0.07785810378486159
0.04690332154673675
0.043957932957678955
0.07136824141830443
-0.07364120519728137
0.009226412352252147
0.014933400301651634
0.08165958643687542
-0.03674347332284598
-0.04581543180254468
-0.07065871597635205
-0.08548397202418981
0.07593077315554568
0.03003728558255811
0.05040838944166294
-0.0385850305875633
0.01527530361845203
-0.07708254705663445
-0.0025407060941453063
0.08441001282422912
0.06655735302891651
-0.028609725657626275
0.08159484656740408
-0.04742889982588315
0.07942909656122062
0.07802529201562967
0.052892044616359116
0.023060155187575662
0.06616538982925606
-0.036589190098149815
0.06168508855327691
0.020837852049679653
-0.08604837967758855
-0.027005553852035166
-0.06220049581150322
0.08517620722886583
-0.0038236256417518433
-0.0004611457863832047
0.02465549053367236
-0.02323117903951212
-0.06418757003452652
0.05694290837052253
-0.05482766117318184
0.002000932328682814
-0.04873432456740409
-0.07109172302646008
0.06402701951427946
0.08360114441088311
0.08146482793053282
0.07186953760699445
0.04844518182932335
-0.02949604861859944
-0.07405151194227663
-0.016397599177054356
-0.04733476346028985
-0.06496762140813436
-0.07894366701303081
0.03987982618269202
-0.08636823927694641
0.04783237053121121
-0.062411605289513394
-0.07433069668552553
-0.07254861936706639
0.030414042817057424
-0.04501314315637615
-0.014046770486800503
0.010141465343404404
0.06373704499477743
0.04013613444817006
-0.040600673913756054
-0.06514525290128192
-0.078599458279962
-0.03507273773879911
-0.04205196744845745
-0.007753325658594809
0.03239986880767297
0.03458201979596906
-0.03826882289520883
-0.021226115930184045
-0.05636507928266121
0.051008122108221435
-0.0783389325624796
0.03482452137469601
0.04926685108885599
0.04903919203392
-0.04252848403796746
-0.022306896466134332
0.015485574019208609
-0.040159793333179636
-0.022830215361072867
-0.05355374320304351
-0.007096544205217048
-0.08050193246303815
0.05299692573792587
-0.07478424126825069
0.003329615365857491
-0.03415147216708648
0.013707786237966771
0.08121710770162631
0.02573342674845594
-0.08213709311782313
-0.01230322674447272
0.0017707460500947375
0.006395337957787822
0.03206596857610662
-0.0393158268640546
-0.06560880273112643
-0.01897243922495201
0.08068189539034078
-0.055307967016691426
0.07141494850507925
0.00774387108899921
-0.007617056486491719
0.06753601796690666
-0.007317854836922627
0.03962761399264601
-0.01784996993796667
0.07142563253016725
0.033591995093081875
0.03528852705873231
-0.030455018079764154
0.04539247988578306
0.024052423740518122
-0.04595835691605805
-0.060008825142561395
0.052395105379271265
0.08116995467514936
-0.007400079778211291
0.01608388007024389
0.06323702687331124
-0.007561896552307587
0.07988087670338782
0.013391040091172576
0.0567041515573959
0.07227404143379267
0.05577725796928258
-0.060207585617325504
0.022786240086222334
-0.017954456116566375
-0.07730215923733486
-0.01342932746004108
-0.042659033177714786
0.06170183869592043
-0.08250086582930485
0.0811374487692803
-0.025567417004079412
-0.02533088237341727
-0.0855018489047503
-0.055643589330954014
-0.017455019139878278
0.07588871806998325
-0.07077874948159701
0.07871893349895638
0.06531696138004413
-0.008103019995001903
-0.030635245418828144
-0.04724460962467355
0.02023469253908139
-0.08254153066899225
-0.08562955914882181
-0.012587256867746185
-0.07635443781568861
-0.04385105233640531
-0.049292251904658475
-0.04363004514378209
-0.06522083697274852
-0.08626062394061741
-0.0679734152414757
0.020944548734551496
0.08383744602587347
0.08668156893115907
-0.01607711647071329
-0.059581802727839334
0.02452984490080881
-0.0017137887991603845
0.08651624307420487
-0.07684408571905973
0.050069247999315045
-0.037406214361541
-0.04571116180810738
0.028727021126142394
-0.04489011097145072
0.029320026686929596
0.0030597424715056026
-0.013419297760935353
0.009667530088180443
-0.037644328577049566
0.036517593906810655
-0.015051321266422293
-0.0246522949617487
0.058098883241552476
0.07512424630550217
-0.08025532727017712
-0.047265316619078054
-0.026778245262555588
0.05567873335228869
0.08582357017362845
0.08290326813925515
0.07158543029215665
-0.03596411114078575
0.08697612165959993
-0.04429669704960751
-0.06966660757666365
0.07971791231776222
-0.047125086271371644
0.03354660677262092
-0.07807230335818577
0.04078399211861945
0.0674792376643067
-0.040227853590970274
-0.0213799222303499
-0.022221505298702718
0.043979965996553336
-0.04634956919466135
-0.0580087247221905
-0.00896405476892255
-0.03456542876992572
0.0599607321134515
-0.046361133311485815
0.0004224003985034419
0.07823846614708975
0.02368767018465874
0.06492820731512107
0.07781881412169488
0.04432938358078688
0.03528021961015883
0.08272540637691349
0.0873985377459645
-0.008516803722592586
-0.0758602224645084
-0.036629186367683926
-0.06145558626394973
-0.014586485980506325
-0.06517945403310159
0.01840560131635441
-0.020716804017473528
0.06989500999140823
0.08269519615791403
0.00828815797642822
-0.03980594517750032
0.016304188634542444
0.07013812637297724
-0.016487370904530743
0.00920622565035048
-0.040366469122718684
-0.00787643601635507
-0.017374756407984374
-0.04447463622376433
0.0010370399459796592
-0.033520250948166845
-0.02244447718104914
0.0044141922618043394
0.044299360011171365
-0.029431999988980613
0.07498138504431605
0.06404947535433057
-0.07978103803274937
-0.043550260423500256
-0.009521986065953822
-0.06989257524055968
-0.026785913916749754
0.042443647127593534
0.03191075342961583
0.02163471483766566
0.03721651529933574
-0.052162615479579844
-0.027984084113440465
0.031155563587885987
0.06703986815028119
0.0077212620127192905
-0.03841363759265371
-0.08304345865657967
0.03718264952523535
-0.08699462188471974
-0.02250737327913825
0.005398267873972906
0.07461946925803707
-0.07256779773032632
-0.01662720548972188
-0.0840903405514696
-0.0278227100640843
0.021607602644307722
-0.039055637997253874
-0.05130944470955932
-0.06793471242561913
0.013636597412292187
0.034519186334385166
0.030398015047188642
0.07934816789044656
-0.08791048242954508
0.026020938034110527
0.01774700790755715
0.01568709499246003
0.08180700782272572
-0.08540582898583855
0.03473351478325282
0.05545107507940682
0.0017336838088879841
-0.02935114165582224
0.05141376291487511
-0.0711980646140418
-0.010246748407080883
0.003527114839953438
0.0342869733566058
-0.07232186829001341
-0.0481257756440461
-0.015856593320912146
0.021795624844178116
0.06840564811301998
0.02100569733647273
-0.06479546986701258
0.08495536769935473
0.06572305354850803
0.00048096716396188455
0.07466128048721295
0.00731515996913816
0.07483064778046007
0.05831816660875551
0.08278212406415088
0.07420781803169628
-0.08201840848437357
-0.05749273032237741
-0.01959840540504694
0.07992829183039214
-0.03535022676994284
-0.06002140785983076
0.06828966224845286
-0.00947621808032395
0.07210289966210938
-0.06006333532640444
0.02848182123881969
-0.01055997636422551
-0.07486726938522745
0.03473010545925419
-0.04465401322360631
-0.081385246484262
-0.0777915927018829
-0.07759108571209863
0.07207768478772943
0.04240588624863846
0.07036814803023349
0.030508530657654492
0.005115905016198727
-0.03456932546391306
0.08802812117235621
-0.024361762736414355
-0.005188581761448832
-0.021523415613450517
0.08476918587366629
-0.05751281547234294
-0.030407712750837784
0.03188144117928886
-0.07721471376084421
0.018959189910393234
-0.003951577349830038
-0.03818377029199255
-0.046242435731734755
0.002565514800042634
-0.023347325852493064
-0.007686269933726217
-0.028730211362674604
0.08317232031180537
-0.06479936588206943
-0.07127566471379508
-0.027684692640461306
0.016091434718980002
0.028138690662626142
-0.018162612699660352
0.08826071379989577
-0.026181866683280347
0.03913953907860017
0.024321414069160247
0.055340627394731376
0.0841855990008147
0.06890643443403523
0.04676839152810931
0.035045710756306026
-0.029080089934942557
-0.0622809791899637
-0.07731576202081523
-0.045625763792955375
-0.011971055967153144
0.003888428561148863
0.04827480822568071
0.08109470437527329
-0.06764882083527765
-0.06947250936180194
0.01585593671988271
0.043380660544562175
0.06154487370400717
0.07704495484498262
0.08545849352650768
-0.01771272572286363
-0.02115395079927418
-0.06225921824560561
0.03269209891701816
0.02771186096139991
0.06400422918509825
-0.0711954007385818
-0.000392990887975897
0.014333395575701638
-0.04568669238442427
-0.0585085949316334
0.06356551195426126
-0.07804073753607074
-0.005193539516165455
-0.0679115956953616
-0.007591010263785031
0.0848461539176794
-0.013486938708271196
0.06313136272454149
-0.06764968990515294
-0.040437301926006426
-0.017007201368375136
-0.017710878797992657
0.03029660498775133
-0.027450216282031065
0.037789000561433736
0.02460500007365092
-0.017825959499358807
-0.012063219120733798
0.02024582829239377
-0.0760065207432095
0.056993997747886396
0.027121285850241622
0.04001207286508153
0.006527126111779136
-0.06885856906127805
-0.016787490452237083
-0.01672774531179326
-0.03163542882032746
-0.0830938281885963
0.041941020951311844
-0.06898101395709735
0.018792800442865354
0.03592411745193039
0.023827080739403858
0.08116564997572216
-0.07012764116212815
0.0649065970080716
-0.08322819439679484
0.006172486224161999
-0.016927496774260004
0.0042751429199237995
-0.023847197928441505
-0.05470055819233791
-0.08500786503284258
0.003208464102253117
0.060594961009575524
-0.022412464359777853
-0.04899121839843915
-0.07415216620894856
-0.0733073645866886
-0.049250615522262814
-0.07070819247540941
-0.04153550564902785
-0.07669466433963312
-0.0767909360275731
0.06298132564662638
-0.059729263719581704
0.010550458468821883
0.04834056745824221
-0.007705772985903775
-0.061276304258989764
-0.053104401250366765
-0.011846830546293985
0.004991128979692089
-0.026615447616486786
0.04975903352290188
0.04437477753274692
0.07552109149912321
-0.0832702117109185
0.06994899881779894
-0.018991334547374866
0.06688743932441736
0.03372630224185991
0.08615190273245958
0.04583509496288239
-0.023945353376458048
0.0001879441802566384
-0.021851516647568042
-0.023880439201855716
-0.04226651245971126
-0.0007123578668996183
0.03212738689275399
-0.0393610510143048
0.004309782434187295
-0.06763824715190025
-0.060131426079491554
-0.08011407494341555
0.08321434882521044
-0.0877059274656511
-0.05681957104890699
0.019952211624883295
-0.07400409886541812
0.06751040176279986
0.03882372572388547
0.08244687787028367
0.0013497868080037667
-0.035283977284623104
0.008750547674038683
0.07615870911587176
0.0036701382652246234
-0.0411523715956746
0.06671531075915306
-0.02264178036742455
-0.08814380360705677
-0.04460340789765366
-0.032132079563345385
0.06342349518092978
-0.007335672991270498
-0.009795676138141932
-0.028973299712436472
0.06729502056398924
0.07867036294603595
0.08695474683633035
-0.021789271493087153
0.08240400495894008
0.051597505743955344
0.031057746920036405
-0.0450975947635195
-0.050123748385639245
-0.05903496196825677
0.0747335164704485
-0.036402447108357536
-0.00829184427994245
-0.0010681141401722855
0.04917425536908891
0.06085271890890846
-0.06380353513328987
-0.012921605642479753
0.06060875403785122
0.05622087678578201
-0.07028398187619225
-0.060743416036018884
-0.03461310823381431
-0.07506662045513458
-0.013317825391412116
-0.0693640453765675
0.012059280770043979
-0.04480282662605046
0.017047118609830922
-0.06761255288320074
0.08412517760400791
0.07646674013143549
-0.019127779621517363
-0.045576816107123545
-0.04412377907187998
-0.0029356359674810734
-0.08131855229265664
0.024696606968027057
-0.016209908832012718
-0.021671660962824635
0.054688517300398795
0.03695259785101372
0.08031563044663238
-0.026174222098367804
0.07027629617381058
0.047723907023822384
-0.025203998921853252
0.021507613788029886
-0.037375904172761244
0.06618518005982553
-0.06851381805045936
-0.050834903291306084
-0.056032327145165886
-0.01714274282467386
0.043351472252292036
0.004756609922307059
-0.0021785387988206145
-0.08829183377807959
-0.01318723646656432
-0.0771535213591558
-0.0515740259535052
0.07643717159573192
-0.0503109649116911
0.0633457435581654
0.05354448925186901
-0.060255001812773205
0.018687410459579182
-0.06794202416112727
0.04028531553379887
0.02430012712180836
0.05514346807132449
-0.003644331231030362
0.07333812566774382
-0.07966460391868849
-0.03661247503266866
0.03801628749485013
-0.014476382922425063
-0.057814578793185536
-0.06943598637117106
0.05609815941255654
-0.00474769551235403
0.06757884418772354
0.04124008221312407
-0.015958303040485303
-0.022360304908981332
0.0027644952409115048
0.06877673279714448
0.04194532318655021
-0.08747742365385887
0.03432258333092962
0.07415913304527254
0.03720367367134779
-0.057097850534418154
-0.002913610965674135
-0.0635837457026327
-0.02492634871634196
0.07727210613208614
0.07483051337175493
-0.03838938361252711
-0.02834949404047163
0.017715299654447805
0.08188248712647055
-0.06226051625180448
-0.04297147241068551
0.06603614143395913
-0.0014332644848297216
0.07052702343583143
-0.05559310680579121
0.005775044933196263
-0.0307114802129147
-0.032430999989788774
-0.009390914757715016
-0.011830347388698745
-0.025217747184284725
0.07335716142109479
0.0409669712550378
0.040225005152280294
-0.037138406107404445
0.013737215224135152
0.049352417613886077
0.05225348851258417
-0.02748339136714347
0.04788399075209597
0.04170054351831691
-0.06337329875703786
0.06469063059196116
-0.01037299658637214
-0.002402315936026453
-0.009127125929863894
0.011993591930284528
0.021419899121128655
-0.00032181034843171974
0.06483966655001046
0.022580528074723993
-0.017425241370382746
-0.014726955904646954
0.054949023153079216
-0.026836126680672825
-0.05100806764527815
-0.07789078391647614
0.06647278351821016
0.07398925846956521
-0.06715389880702914
-0.029261184963133652
-0.05738665275208156
-0.06790019933933913
0.07068712138657494
-0.07833377373907209
0.08493866772546303
-0.0713380832357186
0.0642531402017653
0.011756729810588742
-0.023349110010034133
-0.027870193648526408
0.04549598272941245
-0.0327791201288865
0.0278103181872255
0.0030628477864061837
-0.0026577235648732878
0.0709161228053843
0.009659972877180498
0.05778151400630942
0.03987614390484452
-0.08157232511026945
0.048279492534198984
-0.05005074152906911
0.07126746228042703
-0.08080035108420619
-0.029508974098220862
-0.07075788682396478
-0.004315275211014449
0.05657250863383463
-0.03567577162785229
-0.06170657529673527
-0.030004832512404198
0.05548669420796941
-0.06357173551588738
-0.04819596526584779
-0.07621692490049842
0.036364741765808645
-0.018520320984593955
-0.03343908372284089
0.03864805078914142
-0.028995348019522228
0.040264652962352196
0.05571990746316259
-0.049910629492990244
0.08376010339819197
-0.05968724616117371
-0.03697445331246185
-0.05660473030486725
-0.027310999511350173
-0.0035247703581957474
0.003920176837525741
0.06250930759405778
0.06884531431065487
-0.04947911451743877
0.021724800881475853
-0.06867844310044703
-0.007253172524572915
-0.03140729000916452
-0.032438391808107835
-0.003078700196219794
0.040628169896703856
-0.07615846585516502
0.06702900958097512
0.04150960308931985
-0.057187368958634445
0.07763341421193214
0.0011158541028266772
0.08835450872042812
-0.053517469665482174
0.0061709559489417365
-0.037079257868256686
-0.03461755137642551
0.016098237079762476
0.07455010298500732
0.05396353558279639
0.03958762036717163
0.010460545648142194
0.07465253390704611
-0.0013503252819005024
0.06608481708155449
0.059040171294249225
-0.0505872417031237
0.04794634102341398
-0.08623677074595244
-0.03131960885642598
-0.047806173427982095
0.0012132111213452729
0.0418701191924893
-0.07112144220232977
0.0026378975449309894
0.07750102837345098
-0.047968965974579336
0.03131442605708287
0.016419067326949824
-0.08660932078776315
-0.004273365209108315
0.03690573978634552
-0.08061451610085782
0.0670905535630137
0.003549926469729195
-0.08296818885096754
-0.04871725095337036
0.08019929035082064
0.01455221036664367
-0.06938970228310533
-0.03755718078444451
-0.007653789938710381
-0.08468486363693342
-0.015624317418850314
-0.0018634675917711258
-0.04531177813919618
0.015669309546015017
0.04476695145803013
-0.04669835287307774
0.021301574155070516
0.024681958701034346
0.07929147214091488
0.049192741234479406
0.06157932561569267
-0.001693536927274475
-0.055623036964201886
0.08764858896693815
-0.06552126369431567
-0.0050456807594602415
-0.07635107459179291
0.07846248776705687
0.08218789460417154
0.03878287336529142
-0.02651776937390459
-0.04341946743712131
-0.04148890268544805
-0.06588573050355154
0.004562421433969052
-0.06331835831383921
-0.03239774711589741
0.02239875209273333
0.04022440733932088
-0.08409749913931906
-0.012353865335938463
0.026892083149533147
0.062445656292136484
-0.004362003456272856
0.08294466341603014
-0.041430703730714606
-0.0860003231331153
-0.0028721148860644113
-0.04311339734479941
0.05722574026937645
-0.047239563904774046
-0.03347634097620369
0.05148222283528796
0.038032313108414637
0.01026210577415386
0.036230041094155924
-0.014383106377060126
-0.08744965497912968
-0.08638102555526443
0.001983750522597194
-0.07366444350557455
-0.07935939305330832
0.0822924930723196
0.06346330024152096
-0.06151347682709979
-0.08827092928098751
0.07807657328795235
-0.039186921193838035
-0.05552598375195695
0.0338541704249708
-0.06913670459050081
-0.041604466301799974
0.08398566752089807
0.024653768388415695
0.003655351644318766
-0.018045609920782843
0.04852537166020045
-0.06347035077110659
0.0826144322312916
0.06383813196145051
0.020799012557164834
-0.08080353310118593
0.03550659794103084
0.07305903999958406
0.004344652768953947
-0.02576965425365492
-0.06712611608379426
0.04506057481690322
0.06806289047421653
-0.07066617563286574
0.04578243372198994
-0.0853724512672815
0.08256442493973236
0.02033957665524455
0.009270003553006306
-0.036071314092878164
0.07588876301847551
-0.04138242958694146
0.05800867385723103
0.08575590919293412
0.050097922452259844
0.003356975369859641
-0.07670795764046184
-0.0048765991860940106
-0.010914909648562551
-0.052538733668040766
-0.013507925061451334
-0.025145091184278864
-0.05945278488985835
-0.010363685200617409
-0.041931439845174764
0.003900121818454866
-0.08217286848525723
0.07181224791565692
0.055925836439615725
0.009295154195500616
0.06219155863681884
0.08174067306971781
-0.06885058174908597
0.023128014730367866
0.08803373376295602
0.08624743502580202
0.018265097125317722
-0.0657572412410242
0.014706553734877212
-0.0880233681944803
-0.05322545924886764
0.08063194479527035
-0.02997415523165929
0.02446414556100099
-0.03873893434454705
0.0791644732850904
0.04040385696166675
-0.030113705410365434
0.05157661985131616
-0.06926720368636399
-0.01903550192126717
-0.04928213808821825
0.03247855418805125
-0.07027823251124851
-0.018203433069990504
-0.03948312258723174
0.00112128031659528
-0.02653459199688423
0.03648857979424401
-0.08404370251110786
0.02368576516142888
-0.04762871702596143
-0.04088685354831365
0.05307819334579235
0.08053387516945508
-0.03242964762427374
0.057771555701369146
-0.07000519097063583
0.023684833849025907
0.044376660324498426
-0.06081508499117057
-0.013081053367616752
0.06942147471524855
-0.07007808917601172
-0.08518933324855747
0.01601338395028694
-0.011396521215806768
0.05280129833833101
0.07485707064878074
-0.03550495497991785
-0.019727551375556263
-0.00242677521202124
0.015583123861324447
0.085534081017738
0.03488338962379295
-0.01952524986203112
-0.04176036771156624
0.0785994651465561
-0.06442654359075944
0.03893786949248758
0.07519992676682692
0.02910903821664046
-0.013602181785182743
-0.053211386894319784
-0.023427274577556056
0.03657011481932486
0.026434165983455438
0.07565621239698063
0.06485245995020912
0.05588808520119433
0.07273492602141622
-0.039538378999780854
-0.023065197388117062
-0.021231958773687762
0.010686255300851141
0.02973706270722215
-0.03770351993402424
-0.0849478369950615
-0.017815133976827144
-0.03384779455167708
0.07816795333868244
0.06863621076659075
0.06369453099763923
0.02704679212107551
-0.027526046886400493
0.00863541205851083
0.05572444097258818
-0.07095633254351708
0.053223022368363446
-0.081108720224328
0.0559358642204278
0.05437011289224446
-0.07937144415759602
0.022479050343796478
0.00043364637035103737
-0.05836821708070598
-0.06215840939408634
0.04830584526577546
0.011966500434922561
0.08538299090167907
0.08525016838318202
0.08709204298634281
-0.06741988830072082
0.07747347158595953
-0.0451541403956728
-0.00738709862378685
0.045503480285854006
-0.05239291218248441
0.01172234648970856
-0.055540276966159714
-0.0698734448309634
-0.06778350133465251
-0.025166100958771573
-0.0875654809750961
-0.013284075474466
0.029026221613520156
-0.017379237763609223
-0.07322186169412687
-0.07730641778787242
-0.03922382961432126
-0.05845780974223856
0.08221795236455047
-0.061654368248432775
0.053998640221711094
0.015221877379794913
0.012248312742106068
0.0021355890378240983
0.08339671755840004
-0.02406907070667061
0.050896794977475776
0.009774709587386216
-0.018449535337354536
0.08051576250999436
0.017379972159174778
-0.0673666036009648
-0.014577147539295898
0.04977708727547213
0.034249958491788926
0.07359926762722137
-0.04253647084509419
0.045642631923386204
-0.00709312823625953
0.01301248781041528
0.08044164847399361
0.0847266517485732
0.06392085565188659
-0.02490835118871018
0.0685364725036199
0.024502872361233483
-0.012374937808512329
-0.082069874354846
0.04775235710126742
0.0003722176020889978
0.050591457167336776
0.04384465082612414
0.05189586917051918
-0.03524022937679927
0.05317418229303385
0.008634892523623108
