0.008629089910121873
0.038040465050293557
0.018166170019470698
0.007934300764585636
-0.013496052274627038
0.025790679171157363
-0.011033126537228377
0.06925633638470281
0.08196477053348798
-0.020604823110774287
0.051570188167538986
0.005107948424779976
0.01202869264309546
0.07523556724673473
-0.07583082803319642
-0.07298591798356983
-0.08481420616462368
0.05879943708604225
0.049171631207364244
0.06540952478668198
0.0846085688482628
0.052884262351919134
-0.006809551041645601
0.04959102071820727
-0.06748018550510138
0.024734775752809912
-0.06304682724023823
0.0786071016571598
0.0038622741167552987
-0.015085780231501325
-0.04162108081828354
0.048478125357185084
-0.007751599360613953
0.012097527327098706
-0.08506674882189628
0.02079521442265074
0.01981591141975779
0.020671205535346793
0.07844431886404783
0.032141591613359874
-0.024835729051852648
-0.011131283116638371
0.034936589703544046
-0.07774188780101476
0.029480468841959748
0.03016479868355662
-0.05119761375364197
-0.06559718281206293
-0.03262796616907334
-0.02409275951728955
0.012409153094969483
-0.010853821546346065
0.08633311316144492
-0.07034920323211132
-0.051463804981591914
-0.059872584156715064
0.027065983798175056
-0.04361229520494653
-0.005955470241559929
-0.04517959924835103
-0.06028622999878118
-0.06887659495039279
0.027635428202750972
-0.06396082216257454
-0.05363716739691036
-0.023206330506184758
0.05674412238511174
-0.07122310500453374
0.059740783939966194
-0.07140038867755541
0.0842269296678717
-0.005541736974239972
0.08428024961631626
0.01853424449718752
0.04229622487087627
-0.0814608592376285
-0.038394667397181094
-0.06714039677103452
-0.03603766218586037
-0.0674000538514793
-0.03217633203513372
-0.01515630449432627
-0.07704856523222726
0.03402458519897192
0.011773584976588647
-0.04147367047358653
0.004109714063922687
-0.07178185460196296
0.013425570503782097
0.07588956311093521
-0.032072781009861995
0.029594253728333964
-0.06508955708530914
0.038241608246841044
-0.0372280949384009
-0.05600438406581045
0.015293470716139887
-0.08483380208276885
0.058148931315824645
-0.08755829688415594
0.03143381974393039
-0.040657230443664615
0.04157682198435643
0.08170416360982129
-0.04441458899221024
0.013462841900986025
0.01627086843895588
0.012772453134594533
-0.04895271384873158
0.0800354740547916
-0.009347000833036731
0.061236980341541056
0.0352632870707964
-0.03580842641703972
0.05547214155829382
-0.018295373115243763
0.06737016375229397
0.014367149841831572
0.06748191574656674
0.034035098234154224
0.039819707187939965
0.00023411986031302012
0.08062495772524998
0.025454111574919655
-0.013460652879407883
0.018807840795521932
-0.08499543747902147
-0.03507694817190251
