0.42350369691848755
-0.05304722860455513
-0.10188837349414825
0.1771804392337799
0.29867398738861084
0.3192640542984009
-0.6947759985923767
-0.7174245715141296
-0.20695585012435913
-0.05608772486448288
-0.0890430361032486
-0.06348523497581482
0.18525123596191406
0.14537465572357178
-0.3550615906715393
-0.36222410202026367
0.25550150871276855
0.48322516679763794
0.20577958226203918
-0.09583751857280731
-0.03552570194005966
-0.040459051728248596
0.14013174176216125
0.17147299647331238
0.09797312319278717
0.10188796371221542
0.13338744640350342
0.0896291509270668
0.6389261484146118
-0.1194857507944107
0.16012072563171387
0.5209121704101562
-0.11113086342811584
-0.0484117716550827
-0.07813523709774017
-0.11915773153305054
-0.12703412771224976
-2.242269515991211
0.05481172353029251
-0.45784956216812134
0.011428013443946838
0.027936920523643494
0.2416423112154007
-0.544096052646637
-0.00015532036195509136
0.03955652192234993
-0.1833866834640503
-0.18279561400413513
0.07631362974643707
-0.05747738108038902
0.26887840032577515
-0.026989992707967758
0.20931026339530945
0.03870394825935364
-0.18541741371154785
-0.11872374266386032
0.4111032485961914
0.20577049255371094
-0.04155601188540459
-0.008150508627295494
0.018769795075058937
0.050977692008018494
-0.1981966197490692
0.08785369247198105
0.9596046805381775
0.22251611948013306
0.1513732671737671
-0.4124024510383606
-0.22888755798339844
-0.049905210733413696
0.15940523147583008
0.09817735850811005
-0.1806880384683609
0.09546400606632233
0.5246555805206299
-0.21656864881515503
-0.1155824363231659
-0.15963822603225708
0.3200077414512634
0.011049939319491386
0.027803735807538033
0.017200279980897903
0.017955493181943893
-0.1739312708377838
-0.0523892417550087
-0.3156946897506714
-0.019922349601984024
0.1491057276725769
0.4735197424888611
0.06062641367316246
0.04788031801581383
0.4526253044605255
0.1327955722808838
-0.1578516811132431
0.6021924018859863
-0.11209733039140701
0.22413581609725952
0.38179025053977966
0.07295095920562744
-0.7416553497314453
0.1677895188331604
-0.14116619527339935
0.05841076001524925
0.05843854695558548
0.32544371485710144
-0.11378945410251617
-0.17414402961730957
0.17046132683753967
-0.501315176486969
-0.18795259296894073
-0.019460994750261307
0.2508251667022705
0.12987281382083893
0.3543761372566223
-0.4095795452594757
-0.1076049953699112
-0.3582131862640381
-0.15874414145946503
-0.15367867052555084
-0.3013399541378021
0.06799657642841339
-0.05691930651664734
-0.3525131940841675
-0.04986342415213585
0.06280967593193054
-1.5704386234283447
-0.03822418302297592
-0.07290999591350555
0.1270671784877777
-0.002523700939491391
0.054233867675065994
0.18064332008361816
0.23204442858695984
0.32754653692245483
-0.08813910186290741
0.5120630860328674
0.16432005167007446
0.17284905910491943
0.3346201777458191
-0.007854333147406578
0.0006395374075509608
-0.05777520686388016
-0.02039528451859951
0.04293256998062134
0.7997820377349854
0.2111978828907013
0.07280480861663818
0.1269685924053192
0.3487527370452881
0.324382483959198
0.04963617026805878
0.08503078669309616
-0.27555111050605774
-0.16318854689598083
-0.03610634058713913
-0.09847699105739594
-0.13638979196548462
-0.12276209145784378
0.2670156955718994
-0.8662132024765015
-0.02986135706305504
0.4106667637825012
0.16353486478328705
0.044695571064949036
-0.26884061098098755
1.572655439376831
0.28126272559165955
0.21712392568588257
-0.17362533509731293
0.15375083684921265
0.11986007541418076
0.3073248267173767
-0.0220793467015028
-0.11839333176612854
-0.5746332406997681
0.10447429120540619
-0.02106523886322975
-0.06514309346675873
-0.8924664258956909
-0.17394423484802246
-0.11183474957942963
0.11585347354412079
-0.2591758370399475
0.07086548209190369
0.0928821861743927
0.04253072664141655
-0.0018991867545992136
0.23821859061717987
0.42810845375061035
-0.1557508260011673
-0.0537574365735054
0.05622450262308121
0.3493193984031677
-0.5961769819259644
-0.3905516266822815
-0.07626073062419891
0.04066469892859459
-0.6622029542922974
0.04833070933818817
-0.04316958039999008
-0.008499477058649063
-0.0921778678894043
-0.11394338309764862
-0.025219516828656197
0.6101189851760864
0.0019573336467146873
0.05607634782791138
-0.015032552182674408
0.005038604140281677
0.7363109588623047
-0.24560914933681488
-0.33425772190093994
-0.06358771026134491
0.21853432059288025
-0.13177713751792908
0.15383358299732208
-0.0920487642288208
-0.047039926052093506
0.18529708683490753
0.2276625633239746
0.11442535370588303
-0.5911014080047607
-0.22899577021598816
0.28271299600601196
-0.11062204092741013
-0.31132832169532776
-0.05189429223537445
-0.39683443307876587
-0.34742069244384766
0.05666808784008026
-0.16076476871967316
-0.16599267721176147
-0.008190430700778961
0.02866636961698532
-0.0563625767827034
0.11525097489356995
-0.4177246689796448
0.07657989114522934
-0.1958751529455185
-0.13839706778526306
0.1499374806880951
0.04464339464902878
0.27523040771484375
-0.24763944745063782
-0.1082228571176529
-0.2243017852306366
-0.016433266922831535
0.12886938452720642
-0.28298598527908325
0.10729561746120453
-0.2558307647705078
0.14869479835033417
-0.3644779920578003
-0.31744498014450073
0.18080225586891174
0.014382095076143742
-0.15494856238365173
-0.16907212138175964
0.4631713628768921
-0.7341253757476807
0.16023194789886475
0.1318870484828949
-0.18769323825836182
-0.1274307519197464
0.26992201805114746
-0.13814498484134674
-0.21413929760456085
-0.23618261516094208
-0.01593826711177826
-0.44225865602493286
-0.2340136021375656
-0.40105390548706055
0.44841235876083374
0.060480475425720215
-0.3092830777168274
-0.02786671742796898
0.6157232522964478
0.4100329279899597
-0.10785253345966339
-0.24690917134284973
-0.0723281055688858
0.032824527472257614
-0.3699379563331604
0.13915416598320007
-0.35907232761383057
-0.07417957484722137
-0.07400838285684586
0.13175147771835327
0.04451121389865875
-0.0568237230181694
-0.040803343057632446
-0.322256863117218
-0.5206226706504822
-0.05814787745475769
-0.003425539704039693
-0.46657228469848633
1.1556651592254639
0.7867178320884705
0.38315349817276
0.32567715644836426
-0.07683777064085007
0.29974281787872314
0.156261146068573
0.32726606726646423
-0.04485791549086571
-0.25112077593803406
0.2693254053592682
-0.14275026321411133
-0.24453598260879517
-0.032296545803546906
0.01361347921192646
-0.15506184101104736
-0.6430785655975342
0.45048120617866516
0.47105610370635986
-0.11030296236276627
0.13367056846618652
-0.02331579476594925
0.283672958612442
-0.033325642347335815
-0.24966071546077728
-0.5370287895202637
0.07811902463436127
0.44607019424438477
0.21992124617099762
0.16768905520439148
-0.03155716508626938
0.15747785568237305
-0.24080981314182281
0.09081006050109863
-0.06919589638710022
-0.07304763793945312
-0.11341563612222672
0.12567651271820068
0.5372523069381714
0.13909272849559784
0.04521895945072174
-0.2302313894033432
-0.22845160961151123
0.5011070370674133
0.505919873714447
-0.14601467549800873
0.04606461524963379
-0.11449714750051498
0.09909690916538239
0.03522844985127449
0.004698051139712334
0.18340298533439636
-0.23322702944278717
0.299899697303772
0.03044656664133072
0.028988992795348167
-0.35144925117492676
0.5806832909584045
-0.04656077176332474
0.32672515511512756
0.04373772442340851
-0.2861817479133606
0.13980558514595032
-0.033655375242233276
0.3422490358352661
-0.13708999752998352
-0.22494754195213318
0.23302139341831207
0.34097135066986084
0.7314460277557373
0.032790496945381165
-0.24720871448516846
-0.0920916348695755
0.3751080334186554
0.36939337849617004
-0.053315699100494385
1.2741854190826416
-0.2533424198627472
0.0004029363044537604
0.31113290786743164
0.10212807357311249
-0.06147085130214691
0.03416424244642258
0.650324285030365
-0.2389611303806305
1.2694727182388306
-0.2518002688884735
-0.4248027801513672
0.1934807300567627
-0.13067784905433655
0.37278449535369873
0.3880077600479126
-0.1513727605342865
0.02035278081893921
0.34976911544799805
0.2583376169204712
0.02477213367819786
-0.29247456789016724
-0.5203785300254822
-0.09047573804855347
0.1431170105934143
0.10869339853525162
-0.003725525690242648
0.31091976165771484
-0.08936762809753418
0.36777108907699585
-0.035470858216285706
-0.4872416853904724
-0.29243117570877075
0.03107232227921486
-0.16035261750221252
-0.22661054134368896
0.035977452993392944
0.13499489426612854
0.15586549043655396
0.4395633637905121
0.3391783535480499
0.2352021336555481
-0.08642776310443878
-0.3610835373401642
-0.10650379210710526
-0.14086413383483887
0.26585477590560913
-0.0211520753800869
-0.4266611337661743
0.2770860493183136
-0.24644790589809418
-0.17628517746925354
-0.05169554799795151
-0.31757527589797974
-0.28003042936325073
-0.40700775384902954
0.30641627311706543
-0.5978341102600098
-0.055468566715717316
0.11319305002689362
-0.19658976793289185
-0.09160895645618439
-0.03403276205062866
0.09742560982704163
-0.11089782416820526
0.24662788212299347
0.01807059720158577
0.0344185009598732
-0.8153140544891357
0.2689324915409088
0.17406554520130157
-0.172245055437088
-0.16131150722503662
0.4852750897407532
-0.03678618371486664
0.3539167642593384
0.2807679772377014
0.2808029353618622
-0.1188938245177269
-0.5278698205947876
0.407877117395401
-0.16894622147083282
-0.02204020880162716
8.728234388399869e-05
0.35992926359176636
-0.21790307760238647
0.3886909484863281
-0.5491001605987549
0.1368563175201416
0.00377942924387753
0.002473402302712202
-0.047961875796318054
0.14197000861167908
-0.2388741821050644
-0.22774749994277954
0.21813476085662842
0.09157505631446838
-0.09416955709457397
-0.28225433826446533
0.10091784596443176
0.30257105827331543
-0.3163304924964905
0.5770919919013977
-0.10518969595432281
-0.11413542926311493
-0.005079817026853561
0.17070448398590088
-0.06810612976551056
-0.2243872582912445
-0.04369049519300461
-0.3056684732437134
0.3359166979789734
0.21552348136901855
0.1704118251800537
-0.17467603087425232
0.26330170035362244
0.12432583421468735
0.28212296962738037
-0.0817185789346695
0.35905832052230835
0.5419377088546753
-0.08448769152164459
0.8455236554145813
0.3249747157096863
-0.23594117164611816
0.47915977239608765
-0.0021753981709480286
-0.07628895342350006
-0.27451467514038086
0.18547767400741577
0.09719177335500717
-0.20113617181777954
0.3431505262851715
-0.261233389377594
0.2500469982624054
-0.17084839940071106
-0.01161433570086956
1.5291085243225098
0.3728104829788208
0.3002811074256897
0.2581669092178345
0.03789045289158821
-0.0026940430980175734
-0.32365524768829346
0.21960100531578064
-0.6781060099601746
0.1433647722005844
-0.5607098937034607
0.2289523482322693
0.07655778527259827
0.1960323452949524
0.07740160822868347
-0.26352596282958984
-0.3190940022468567
0.04873964935541153
0.3112085163593292
-0.21836945414543152
-0.39396387338638306
-0.24658265709877014
0.061769478023052216
-0.665199875831604
0.4083254337310791
-0.36304140090942383
0.02836676314473152
-0.01921599917113781
0.15188159048557281
0.021360067650675774
-0.11700074374675751
-0.18940633535385132
-0.13710933923721313
-0.26979225873947144
-0.20082290470600128
0.18716132640838623
0.034264370799064636
-0.015722239390015602
-0.161045640707016
0.4210965037345886
-0.04567024111747742
-0.12307031452655792
0.38152673840522766
0.4588068425655365
0.021916192024946213
-0.06529568135738373
-0.04546613246202469
-0.22776415944099426
0.21093228459358215
0.16014963388442993
-0.2657139301300049
-0.10106319189071655
-0.18094033002853394
-0.3056240975856781
-0.16796118021011353
0.05243925750255585
-0.4305379390716553
0.22176489233970642
0.034243471920490265
0.48301205039024353
-0.25641465187072754
-0.02940397337079048
-0.11068794876337051
-0.2836512625217438
-0.30448031425476074
-0.1949959695339203
-0.22039484977722168
-0.021948065608739853
0.3565167784690857
-0.06864115595817566
0.23766422271728516
0.1783951222896576
0.23530995845794678
-0.2237173169851303
0.08167003095149994
-0.1548917591571808
-0.172867089509964
-0.468284547328949
0.05431608110666275
-0.1554323136806488
-0.17755526304244995
-0.16413933038711548
-0.19166764616966248
-0.03736130893230438
-0.39491212368011475
0.7959458827972412
0.45550787448883057
0.17675217986106873
0.24145804345607758
-0.1083340123295784
0.2448449432849884
-0.06970366835594177
-0.0819653868675232
-0.2282370924949646
-0.23533576726913452
0.6922897100448608
-0.20968472957611084
-0.336103230714798
-0.5830625891685486
0.09001593291759491
-0.3859579861164093
0.5109260082244873
-0.5906057357788086
0.009632455185055733
0.24927926063537598
-0.1089724600315094
-0.07845041155815125
-1.1281092166900635
0.09411025047302246
0.24161723256111145
-0.20112022757530212
0.0841178148984909
0.04135403037071228
-0.39805373549461365
-0.32886743545532227
0.32326740026474
-0.44367170333862305
-0.10634052753448486
-0.19000792503356934
0.06897345185279846
0.0545249879360199
-0.030353980138897896
-0.08062112331390381
0.2265879511833191
-0.43684279918670654
-0.2657163739204407
-0.02279006689786911
0.18365371227264404
-1.6624248027801514
-0.5170188546180725
-0.10960257053375244
0.33820831775665283
-0.5360128283500671
-0.4194968342781067
0.5534710884094238
0.12760210037231445
0.07726524770259857
-0.2910171151161194
-0.029958408325910568
0.06341305375099182
0.3183777630329132
-0.06032099202275276
0.48899853229522705
-0.002348356880247593
-0.15418878197669983
0.5794737339019775
0.2908911108970642
-0.6471161842346191
0.3262813091278076
0.01101437397301197
0.16317255795001984
-0.06250371038913727
-0.13525821268558502
-0.05761466175317764
-0.36277538537979126
0.17426082491874695
-0.10515318810939789
-0.04007028043270111
0.30667489767074585
0.002305493224412203
0.25209319591522217
-0.038419753313064575
-0.12008444964885712
-0.22129642963409424
-0.11196374893188477
-1.0749918222427368
0.08092306554317474
0.3613237738609314
1.0256736278533936
-0.06634700298309326
-0.10734662413597107
-1.6759415864944458
0.032915838062763214
0.16516932845115662
-0.2512943744659424
0.38528314232826233
-0.0628611221909523
0.05228656530380249
-0.0035648327320814133
-0.16075006127357483
0.3194698393344879
0.3789878487586975
0.17305821180343628
0.11184363067150116
0.0588788278400898
-0.06219092756509781
-0.007839931175112724
0.29126590490341187
0.34204912185668945
-0.28620702028274536
0.5015873908996582
-0.3458307981491089
-0.15671923756599426
-0.09660635143518448
-0.11983802914619446
-0.22853906452655792
-0.024860061705112457
-0.2020999789237976
-0.22631144523620605
-0.3939976692199707
0.2913704514503479
0.031384024769067764
0.08359656482934952
-0.07298140227794647
0.2617895305156708
-0.056453220546245575
-0.2001202553510666
-0.052413210272789
0.26234179735183716
-0.16240501403808594
-0.06763550639152527
-0.08460797369480133
0.025335632264614105
-0.3887805938720703
-0.3424129784107208
-0.03845078870654106
-0.19616326689720154
-0.051081582903862
-0.4188274145126343
-0.310874879360199
0.13230371475219727
0.5416507124900818
-0.07985736429691315
0.28973087668418884
-0.49935677647590637
0.13644050061702728
-0.16085222363471985
-0.013486882671713829
0.17435798048973083
0.1151687353849411
-0.08479884266853333
-0.29747310280799866
0.17728638648986816
-0.0492108054459095
0.3840501010417938
0.2038353532552719
0.0500502847135067
0.10331843793392181
-0.21832522749900818
0.7380155324935913
-0.7814790606498718
0.29400336742401123
0.33847516775131226
-0.34745216369628906
0.38879162073135376
0.0009270781883969903
-0.02726261503994465
-0.022802170366048813
-0.18510392308235168
0.08515170961618423
0.018264034762978554
-0.27171725034713745
0.035738758742809296
0.3920271396636963
0.12698882818222046
0.2979692816734314
0.935326099395752
0.08275983482599258
0.3734544515609741
-0.25272613763809204
0.4256882071495056
-0.45818963646888733
0.3856411576271057
-0.3861565589904785
-0.30037790536880493
0.06402414292097092
0.21504256129264832
-0.41132479906082153
0.43408989906311035
0.3736763000488281
0.3187711238861084
0.22456493973731995
0.48817211389541626
0.3850070536136627
0.08160941302776337
-0.43039748072624207
-0.08591653406620026
0.3649560809135437
-0.00047354184789583087
0.057172443717718124
-0.3118586540222168
0.2105945646762848
0.01963704451918602
-0.3989213705062866
-0.22694620490074158
0.09557642042636871
0.0944516658782959
0.35160937905311584
0.2037719190120697
0.6105638742446899
0.36567866802215576
-0.01570434495806694
0.08587515354156494
0.006165425758808851
0.11214639246463776
0.5472878217697144
0.2833970785140991
-0.08348041772842407
-0.59889817237854
0.5621572732925415
0.03068840503692627
0.28277939558029175
-0.4759647250175476
-0.1332153081893921
0.10902271419763565
0.17773966491222382
-0.17133578658103943
0.06387966126203537
0.2452673316001892
0.17313234508037567
0.33445829153060913
-0.8385069370269775
-0.07680374383926392
0.031041588634252548
-0.07127507776021957
-0.3982609808444977
-0.6592012643814087
0.06189965456724167
-0.03999971225857735
-0.13312673568725586
0.020162314176559448
0.20673008263111115
0.14986591041088104
-0.7348353266716003
0.009036809206008911
0.012818088755011559
0.04930707812309265
-0.016619529575109482
-0.2801181972026825
-0.08522932976484299
0.4035698175430298
0.016055304557085037
-0.03272376209497452
0.3822682499885559
-0.0543869286775589
-0.5251474976539612
-0.07464037835597992
-0.331224262714386
0.09040997922420502
-0.050168342888355255
0.006077385041862726
-0.41586923599243164
-0.06151895970106125
-0.3070616126060486
0.5516304969787598
0.08762822300195694
-0.052592381834983826
-0.10530252754688263
0.23761700093746185
-0.0613015741109848
-0.12895895540714264
0.2186865508556366
0.42817968130111694
-0.3422784209251404
-0.012176604941487312
-0.14600995182991028
0.3767474293708801
-0.3099600672721863
-0.24129590392112732
-0.22898545861244202
-0.08291904628276825
0.23717588186264038
-0.006016216240823269
-0.6484041213989258
0.33544933795928955
-0.4572973847389221
0.03830801695585251
-0.7723183631896973
0.6402567625045776
-0.04332525655627251
-0.10947248339653015
0.17559263110160828
0.2507180869579315
-0.13894958794116974
0.41345709562301636
-0.0954219251871109
0.011779367923736572
0.24407970905303955
0.1358223557472229
0.13902977108955383
0.43114906549453735
0.17881786823272705
-0.3459150791168213
-0.08088596165180206
-0.37139540910720825
-0.045040830969810486
0.07047723978757858
-0.12142772972583771
0.021243851631879807
0.02583254687488079
-0.9106966257095337
-0.21373683214187622
-0.01714995875954628
0.49766218662261963
-0.8088858127593994
-0.07413440942764282
0.11755900084972382
-0.13699132204055786
-0.17935168743133545
-0.16071650385856628
-0.06724687665700912
-0.4289727807044983
-0.23499681055545807
-0.014469465240836143
-0.5367056131362915
-0.24150949716567993
-0.3606722950935364
0.062470585107803345
-0.44565388560295105
-0.07744699716567993
0.254133403301239
0.15846753120422363
-0.11413304507732391
0.14566029608249664
-0.45025306940078735
0.18374311923980713
-0.045082107186317444
-0.1892932951450348
0.03957127034664154
0.10642367601394653
0.08862566202878952
0.36353129148483276
0.16376188397407532
0.33975449204444885
1.3430368900299072
0.15423794090747833
0.17165888845920563
-0.27302926778793335
-0.34429997205734253
-0.2295914888381958
0.5522738695144653
-0.17935174703598022
0.13671138882637024
0.2884759306907654
0.1042749285697937
-0.23821479082107544
0.02496452070772648
0.1408296823501587
-0.10897846519947052
0.042121946811676025
0.2637149393558502
0.11796966195106506
0.15997359156608582
0.1304224580526352
-0.4231886863708496
-0.26224496960639954
-0.2373267561197281
-0.01712876558303833
0.007674592547118664
0.21665136516094208
-0.14113041758537292
0.4119638204574585
-0.07891800999641418
0.12489856779575348
0.38064172863960266
-0.1653570532798767
0.1468951255083084
0.4016496241092682
-0.26214122772216797
0.11615670472383499
0.3167017996311188
-0.3081302046775818
0.15541031956672668
-0.42310065031051636
0.15351393818855286
0.20302912592887878
-0.06382521986961365
-0.08947764337062836
0.008894586935639381
-0.24103595316410065
-0.02097262069582939
-0.2670893967151642
-0.24497729539871216
-0.009017649106681347
0.026593908667564392
0.03103068843483925
-0.1596594750881195
-0.5154733061790466
-0.3395577669143677
-0.9001931548118591
-0.5418710112571716
0.5121955275535583
0.5696192979812622
0.30273908376693726
-0.7637176513671875
1.0686883926391602
0.2325475513935089
0.030080869793891907
-0.20049327611923218
0.014141477644443512
-0.23627236485481262
0.401984304189682
0.05876592546701431
0.09015833586454391
0.11192263662815094
0.08879028260707855
-0.06423734128475189
-0.1692522168159485
-0.6000481843948364
-0.36494600772857666
-0.678268551826477
0.13665112853050232
-0.07151660323143005
0.18155832588672638
0.11327870190143585
-0.1242457777261734
0.09543383121490479
-0.04265299439430237
0.3223264217376709
0.10785472393035889
0.01135259959846735
-0.3542848825454712
1.206941843032837
-0.022715803235769272
-0.42478591203689575
-0.7974759936332703
0.17780223488807678
0.3471183180809021
0.465385377407074
0.011345560662448406
-0.1833759844303131
0.31392034888267517
0.08046623319387436
0.008419526740908623
-0.654774010181427
-0.24748249351978302
0.35594016313552856
0.25121283531188965
0.15022443234920502
-0.3323805630207062
0.10233712941408157
-0.03503333777189255
0.33557993173599243
0.662270188331604
0.5328266620635986
0.14916670322418213
-0.28286975622177124
0.21312779188156128
0.5114367008209229
0.03642377257347107
0.050627268850803375
-0.11190957576036453
0.017402369529008865
-0.13214614987373352
-0.31500235199928284
-0.11971617490053177
0.4752104878425598
-0.04344797134399414
-0.34113287925720215
0.1472265124320984
-0.043543849140405655
0.030910344794392586
-1.5072680711746216
0.16487134993076324
0.12759506702423096
0.22861330211162567
-0.20416174829006195
-0.10892800986766815
0.5486629605293274
-0.2485099583864212
0.05910257622599602
-0.04568231850862503
-0.06935057044029236
0.007949961349368095
0.16604749858379364
0.3274136483669281
0.11197115480899811
0.3260415494441986
-0.29860174655914307
0.12057316303253174
0.07861313223838806
0.384735643863678
0.25394728779792786
0.2555844485759735
-0.16794854402542114
0.3258798122406006
0.11433754116296768
0.19349612295627594
0.005467832088470459
0.04624071717262268
0.23148488998413086
0.06865501403808594
0.13216572999954224
-0.10678541660308838
0.15477952361106873
-0.1734282374382019
-0.24538390338420868
0.04416064918041229
-0.15434247255325317
0.25532466173171997
0.6800442337989807
0.4187634587287903
-0.062238484621047974
-0.2035323530435562
0.2802804708480835
0.168491393327713
0.3140709400177002
0.6916159391403198
0.05213505029678345
-0.20844504237174988
0.05115465819835663
-0.039937522262334824
0.02316008135676384
0.1332392394542694
0.10761778801679611
-0.18453535437583923
-0.299998939037323
0.45548108220100403
0.3941275179386139
-0.008987253531813622
-0.2134740650653839
0.42531970143318176
0.0676063746213913
-0.265350341796875
0.9351611137390137
0.08130419254302979
0.09964601695537567
0.10188696533441544
-0.15835443139076233
0.1772489845752716
-0.1409241259098053
0.24601450562477112
-0.5748985409736633
-0.31069809198379517
-0.25371819734573364
-0.048118166625499725
0.48618435859680176
-0.15564900636672974
0.24717900156974792
0.1404581516981125
-0.25218844413757324
-0.513481855392456
-0.038172997534275055
0.1026344820857048
0.14716631174087524
-0.0622137114405632
-0.037047065794467926
-0.06693659722805023
-0.11675983667373657
0.06124567240476608
-0.07521015405654907
0.10573828220367432
0.5062693953514099
0.08031122386455536
0.07461033761501312
-0.3608771860599518
-0.28708022832870483
-0.23834359645843506
0.14545994997024536
-0.20170262455940247
1.5820318460464478
-0.07774591445922852
0.019410155713558197
0.08930251002311707
-0.6767337322235107
-0.13241034746170044
-0.1425725221633911
0.1340452879667282
-0.16231462359428406
0.010126862674951553
-0.5544204711914062
-0.5175195932388306
0.0119871711358428
-0.39036232233047485
0.04010644555091858
0.1692918837070465
-0.1410413384437561
0.33179521560668945
0.13797780871391296
-0.08747156709432602
-0.26228511333465576
-0.6464065313339233
0.04450914263725281
-0.23693513870239258
-0.022348830476403236
0.2838640809059143
0.16055506467819214
0.069834403693676
0.05107042193412781
-0.24887320399284363
-0.640263557434082
0.02601006254553795
0.6528208255767822
-0.1425791084766388
-0.1339971423149109
-0.09359162300825119
0.14341145753860474
0.1617315709590912
-0.2266824096441269
-0.07057510316371918
-0.03228897228837013
0.19540658593177795
-0.009673511609435081
-0.0902433693408966
-0.12728017568588257
0.6694295406341553
0.19068554043769836
-0.12655243277549744
-0.03467503935098648
0.42289602756500244
-0.03645280376076698
-0.06230100244283676
0.36004936695098877
0.019308097660541534
0.009832140058279037
-0.23731333017349243
-0.07947151362895966
-0.6701619029045105
0.4601263999938965
0.1480514109134674
-0.16226418316364288
-0.08921336382627487
0.16322603821754456
-0.049997344613075256
-0.2636440694332123
0.14529389142990112
-0.10136488080024719
-0.4904029071331024
0.3733411431312561
-0.062385059893131256
-0.052705664187669754
-0.1430235654115677
-0.08214445412158966
-0.10927203297615051
0.04353943467140198
0.33869925141334534
-0.01996533013880253
0.0602760836482048
-0.126541867852211
0.16958364844322205
0.08219912648200989
-0.14501768350601196
-0.2551743984222412
-0.15516668558120728
0.21428465843200684
-0.5002092719078064
0.5022550821304321
-0.44708824157714844
0.29082348942756653
-0.15902169048786163
-0.30443811416625977
-0.7468342781066895
0.19253885746002197
0.24130907654762268
0.04934794083237648
-0.025567609816789627
-0.18287336826324463
0.36581864953041077
-0.1943875253200531
0.3737318217754364
-0.01741434633731842
0.47469431161880493
-0.0462743379175663
-0.24375058710575104
0.08599616587162018
0.20764803886413574
-1.1224853992462158
-0.36694520711898804
0.830166220664978
-0.0060457633808255196
0.36967694759368896
-0.030681416392326355
-0.18105283379554749
-0.24823935329914093
0.005171125754714012
-0.22326254844665527
-0.1780017614364624
0.1543087661266327
-1.1680189371109009
0.10963964462280273
-0.2585725486278534
