-0.4240744709968567
-0.4240744709968567
-0.4240744709968567
-0.4240744709968567
-0.4240744709968567
-0.4240744709968567
-0.4240744709968567
-0.4240744709968567
-0.4240744709968567
-0.4240744709968567
-0.4240744709968567
-0.4240744709968567
-0.4240744709968567
-0.4240744709968567
-0.4240744709968567
-0.4240744709968567
-0.4240744709968567
-0.4240744709968567
-0.4240744709968567
-0.4240744709968567
-0.4240744709968567
-0.4240744709968567
-0.4240744709968567
-0.4240744709968567
-0.4240744709968567
-0.4240744709968567
-0.4240744709968567
-0.4240744709968567
-0.4240744709968567
-0.4240744709968567
-0.4240744709968567
-0.4240744709968567
-0.4240744709968567
-0.4240744709968567
-0.4240744709968567
-0.4240744709968567
-0.4240744709968567
-0.4240744709968567
-0.4240744709968567
-0.4240744709968567
-0.4240744709968567
-0.4240744709968567
-0.4240744709968567
-0.4240744709968567
-0.4240744709968567
-0.4240744709968567
-0.4240744709968567
-0.4240744709968567
-0.4240744709968567
-0.4240744709968567
-0.4240744709968567
-0.4240744709968567
-0.4240744709968567
-0.4240744709968567
-0.4240744709968567
-0.4240744709968567
-0.4240744709968567
-0.4240744709968567
-0.4240744709968567
-0.4240744709968567
-0.4240744709968567
-0.4240744709968567
-0.4240744709968567
-0.4240744709968567
-0.4240744709968567
-0.4240744709968567
-0.4240744709968567
-0.4240744709968567
-0.4240744709968567
-0.4240744709968567
-0.4240744709968567
-0.4240744709968567
-0.4240744709968567
-0.4240744709968567
-0.4240744709968567
-0.4240744709968567
-0.4240744709968567
-0.4240744709968567
-0.4240744709968567
-0.4240744709968567
-0.4240744709968567
-0.4240744709968567
-0.4240744709968567
-0.4240744709968567
-0.4240744709968567
-0.4240744709968567
-0.4240744709968567
-0.4240744709968567
-0.4240744709968567
-0.4240744709968567
-0.4240744709968567
-0.4240744709968567
-0.4240744709968567
-0.4240744709968567
-0.4240744709968567
-0.4240744709968567
-0.4240744709968567
-0.4240744709968567
-0.4240744709968567
-0.4240744709968567
-0.4240744709968567
-0.4240744709968567
-0.4240744709968567
-0.4240744709968567
-0.4240744709968567
-0.4240744709968567
-0.4240744709968567
-0.4240744709968567
-0.4240744709968567
-0.4240744709968567
-0.4240744709968567
-0.4240744709968567
-0.4240744709968567
-0.4240744709968567
-0.4240744709968567
-0.4240744709968567
-0.4240744709968567
-0.4240744709968567
-0.4240744709968567
-0.4240744709968567
-0.4240744709968567
-0.4240744709968567
-0.4240744709968567
-0.4240744709968567
-0.4240744709968567
-0.4240744709968567
-0.4240744709968567
-0.4240744709968567
-0.4240744709968567
-0.4240744709968567
-0.4240744709968567
-0.4240744709968567
-0.4240744709968567
-0.4240744709968567
-0.4240744709968567
-0.4240744709968567
-0.4240744709968567
-0.4240744709968567
-0.4240744709968567
-0.4240744709968567
-0.4240744709968567
-0.4240744709968567
-0.4240744709968567
-0.4240744709968567
-0.4240744709968567
-0.4240744709968567
-0.4240744709968567
-0.4240744709968567
-0.4240744709968567
-0.4240744709968567
-0.4240744709968567
-0.4240744709968567
-0.3858907222747803
-0.1949719488620758
-0.1949719488620758
-0.1949719488620758
1.179643154144287
1.3069223165512085
1.8033112287521362
-0.0931485965847969
1.6887599229812622
2.821544647216797
2.7197213172912598
1.192371129989624
-0.4240744709968567
-0.4240744709968567
-0.4240744709968567
-0.4240744709968567
-0.4240744709968567
-0.4240744709968567
-0.4240744709968567
-0.4240744709968567
-0.4240744709968567
-0.4240744709968567
-0.4240744709968567
-0.4240744709968567
-0.042236924171447754
0.034130584448575974
0.7723498344421387
1.5360249280929565
1.7396715879440308
2.796088695526123
2.796088695526123
2.796088695526123
2.796088695526123
2.796088695526123
2.439707040786743
1.765127420425415
2.796088695526123
2.6560816764831543
2.0578694343566895
0.39051228761672974
-0.4240744709968567
-0.4240744709968567
-0.4240744709968567
-0.4240744709968567
-0.4240744709968567
-0.4240744709968567
-0.4240744709968567
-0.4240744709968567
-0.4240744709968567
-0.4240744709968567
-0.4240744709968567
0.19959352910518646
2.6051700115203857
2.796088695526123
2.796088695526123
2.796088695526123
2.796088695526123
2.796088695526123
2.796088695526123
2.796088695526123
2.796088695526123
2.7706329822540283
0.7596219182014465
0.619614839553833
0.619614839553833
0.2886889576911926
0.07231433689594269
-0.4240744709968567
-0.4240744709968567
-0.4240744709968567
-0.4240744709968567
-0.4240744709968567
-0.4240744709968567
-0.4240744709968567
-0.4240744709968567
-0.4240744709968567
-0.4240744709968567
-0.4240744709968567
-0.4240744709968567
-0.1949719488620758
2.36333966255188
2.796088695526123
2.796088695526123
2.796088695526123
2.796088695526123
2.796088695526123
2.0960533618927
1.8924065828323364
2.7197213172912598
2.6433537006378174
-0.4240744709968567
-0.4240744709968567
-0.4240744709968567
-0.4240744709968567
-0.4240744709968567
-0.4240744709968567
-0.4240744709968567
-0.4240744709968567
-0.4240744709968567
-0.4240744709968567
-0.4240744709968567
-0.4240744709968567
-0.4240744709968567
-0.4240744709968567
-0.4240744709968567
-0.4240744709968567
-0.4240744709968567
-0.4240744709968567
0.5941590070724487
1.5614807605743408
0.9378127455711365
2.796088695526123
2.796088695526123
2.1851487159729004
-0.2840673625469208
-0.4240744709968567
0.12322601675987244
1.5360249280929565
-0.4240744709968567
-0.4240744709968567
-0.4240744709968567
-0.4240744709968567
-0.4240744709968567
-0.4240744709968567
-0.4240744709968567
-0.4240744709968567
-0.4240744709968567
-0.4240744709968567
-0.4240744709968567
-0.4240744709968567
-0.4240744709968567
-0.4240744709968567
-0.4240744709968567
-0.4240744709968567
-0.4240744709968567
-0.4240744709968567
-0.4240744709968567
-0.24588361382484436
-0.41134655475616455
1.5360249280929565
2.796088695526123
0.7214381694793701
-0.4240744709968567
-0.4240744709968567
-0.4240744709968567
-0.4240744709968567
-0.4240744709968567
-0.4240744709968567
-0.4240744709968567
-0.4240744709968567
-0.4240744709968567
-0.4240744709968567
-0.4240744709968567
-0.4240744709968567
-0.4240744709968567
-0.4240744709968567
-0.4240744709968567
-0.4240744709968567
-0.4240744709968567
-0.4240744709968567
-0.4240744709968567
-0.4240744709968567
-0.4240744709968567
-0.4240744709968567
-0.4240744709968567
-0.4240744709968567
-0.4240744709968567
1.3451061248779297
2.796088695526123
1.9942299127578735
-0.3986186385154724
-0.4240744709968567
-0.4240744709968567
-0.4240744709968567
-0.4240744709968567
-0.4240744709968567
-0.4240744709968567
-0.4240744709968567
-0.4240744709968567
-0.4240744709968567
-0.4240744709968567
-0.4240744709968567
-0.4240744709968567
-0.4240744709968567
-0.4240744709968567
-0.4240744709968567
-0.4240744709968567
-0.4240744709968567
-0.4240744709968567
-0.4240744709968567
-0.4240744709968567
-0.4240744709968567
-0.4240744709968567
-0.4240744709968567
-0.4240744709968567
-0.2840673625469208
1.9942299127578735
2.796088695526123
0.46687981486320496
-0.4240744709968567
-0.4240744709968567
-0.4240744709968567
-0.4240744709968567
-0.4240744709968567
-0.4240744709968567
-0.4240744709968567
-0.4240744709968567
-0.4240744709968567
-0.4240744709968567
-0.4240744709968567
-0.4240744709968567
-0.4240744709968567
-0.4240744709968567
-0.4240744709968567
-0.4240744709968567
-0.4240744709968567
-0.4240744709968567
-0.4240744709968567
-0.4240744709968567
-0.4240744709968567
-0.4240744709968567
-0.4240744709968567
-0.4240744709968567
-0.4240744709968567
0.021402668207883835
2.6433537006378174
2.439707040786743
1.6123924255371094
0.9505406618118286
-0.41134655475616455
-0.4240744709968567
-0.4240744709968567
-0.4240744709968567
-0.4240744709968567
-0.4240744709968567
-0.4240744709968567
-0.4240744709968567
-0.4240744709968567
-0.4240744709968567
-0.4240744709968567
-0.4240744709968567
-0.4240744709968567
-0.4240744709968567
-0.4240744709968567
-0.4240744709968567
-0.4240744709968567
-0.4240744709968567
-0.4240744709968567
-0.4240744709968567
-0.4240744709968567
-0.4240744709968567
-0.4240744709968567
-0.4240744709968567
0.6068869233131409
2.6306259632110596
2.796088695526123
2.796088695526123
1.090547800064087
-0.10587651282548904
-0.4240744709968567
-0.4240744709968567
-0.4240744709968567
-0.4240744709968567
-0.4240744709968567
-0.4240744709968567
-0.4240744709968567
-0.4240744709968567
-0.4240744709968567
-0.4240744709968567
-0.4240744709968567
-0.4240744709968567
-0.4240744709968567
-0.4240744709968567
-0.4240744709968567
-0.4240744709968567
-0.4240744709968567
-0.4240744709968567
-0.4240744709968567
-0.4240744709968567
-0.4240744709968567
-0.4240744709968567
-0.4240744709968567
0.1486818492412567
1.943318247795105
2.796088695526123
2.796088695526123
1.485113263130188
-0.08042068034410477
-0.4240744709968567
-0.4240744709968567
-0.4240744709968567
-0.4240744709968567
-0.4240744709968567
-0.4240744709968567
-0.4240744709968567
-0.4240744709968567
-0.4240744709968567
-0.4240744709968567
-0.4240744709968567
-0.4240744709968567
-0.4240744709968567
-0.4240744709968567
-0.4240744709968567
-0.4240744709968567
-0.4240744709968567
-0.4240744709968567
-0.4240744709968567
-0.4240744709968567
-0.4240744709968567
-0.4240744709968567
-0.4240744709968567
-0.22042778134346008
0.7596219182014465
2.7833609580993652
2.796088695526123
1.956046223640442
-0.4240744709968567
-0.4240744709968567
-0.4240744709968567
-0.4240744709968567
-0.4240744709968567
-0.4240744709968567
-0.4240744709968567
-0.4240744709968567
-0.4240744709968567
-0.4240744709968567
-0.4240744709968567
-0.4240744709968567
-0.4240744709968567
-0.4240744709968567
-0.4240744709968567
-0.4240744709968567
-0.4240744709968567
-0.4240744709968567
-0.4240744709968567
-0.4240744709968567
-0.4240744709968567
-0.4240744709968567
-0.4240744709968567
-0.4240744709968567
-0.4240744709968567
2.7451770305633545
2.796088695526123
2.7451770305633545
0.39051228761672974
-0.4240744709968567
-0.4240744709968567
-0.4240744709968567
-0.4240744709968567
-0.4240744709968567
-0.4240744709968567
-0.4240744709968567
-0.4240744709968567
-0.4240744709968567
-0.4240744709968567
-0.4240744709968567
-0.4240744709968567
-0.4240744709968567
-0.4240744709968567
-0.4240744709968567
-0.4240744709968567
-0.4240744709968567
-0.4240744709968567
-0.4240744709968567
-0.4240744709968567
-0.4240744709968567
0.16140976548194885
1.2305548191070557
1.9051345586776733
2.796088695526123
2.796088695526123
2.210604667663574
-0.3986186385154724
-0.4240744709968567
-0.4240744709968567
-0.4240744709968567
-0.4240744709968567
-0.4240744709968567
-0.4240744709968567
-0.4240744709968567
-0.4240744709968567
-0.4240744709968567
-0.4240744709968567
-0.4240744709968567
-0.4240744709968567
-0.4240744709968567
-0.4240744709968567
-0.4240744709968567
-0.4240744709968567
-0.4240744709968567
-0.4240744709968567
-0.4240744709968567
0.07231433689594269
1.4596574306488037
2.4906187057495117
2.796088695526123
2.796088695526123
2.796088695526123
2.7579050064086914
1.8924065828323364
-0.4240744709968567
-0.4240744709968567
-0.4240744709968567
-0.4240744709968567
-0.4240744709968567
-0.4240744709968567
-0.4240744709968567
-0.4240744709968567
-0.4240744709968567
-0.4240744709968567
-0.4240744709968567
-0.4240744709968567
-0.4240744709968567
-0.4240744709968567
-0.4240744709968567
-0.4240744709968567
-0.4240744709968567
-0.4240744709968567
-0.11860442906618118
1.0269081592559814
2.3887953758239746
2.796088695526123
2.796088695526123
2.796088695526123
2.796088695526123
2.134237051010132
0.5687031745910645
-0.4240744709968567
-0.4240744709968567
-0.4240744709968567
-0.4240744709968567
-0.4240744709968567
-0.4240744709968567
-0.4240744709968567
-0.4240744709968567
-0.4240744709968567
-0.4240744709968567
-0.4240744709968567
-0.4240744709968567
-0.4240744709968567
-0.4240744709968567
-0.4240744709968567
-0.4240744709968567
-0.4240744709968567
-0.13133235275745392
0.415968120098114
2.2869720458984375
2.796088695526123
2.796088695526123
2.796088695526123
2.796088695526123
2.0960533618927
0.6068869233131409
-0.3986186385154724
-0.4240744709968567
-0.4240744709968567
-0.4240744709968567
-0.4240744709968567
-0.4240744709968567
-0.4240744709968567
-0.4240744709968567
-0.4240744709968567
-0.4240744709968567
-0.4240744709968567
-0.4240744709968567
-0.4240744709968567
-0.4240744709968567
-0.4240744709968567
-0.4240744709968567
-0.4240744709968567
-0.1949719488620758
1.7523994445800781
2.36333966255188
2.796088695526123
2.796088695526123
2.796088695526123
2.796088695526123
2.0578694343566895
0.5941590070724487
-0.30952319502830505
-0.4240744709968567
-0.4240744709968567
-0.4240744709968567
-0.4240744709968567
-0.4240744709968567
-0.4240744709968567
-0.4240744709968567
-0.4240744709968567
-0.4240744709968567
-0.4240744709968567
-0.4240744709968567
-0.4240744709968567
-0.4240744709968567
-0.4240744709968567
-0.4240744709968567
-0.4240744709968567
0.2759610414505005
1.765127420425415
2.45243501663208
2.796088695526123
2.796088695526123
2.796088695526123
2.796088695526123
2.681537628173828
1.2687386274337769
-0.2840673625469208
-0.4240744709968567
-0.4240744709968567
-0.4240744709968567
-0.4240744709968567
-0.4240744709968567
-0.4240744709968567
-0.4240744709968567
-0.4240744709968567
-0.4240744709968567
-0.4240744709968567
-0.4240744709968567
-0.4240744709968567
-0.4240744709968567
-0.4240744709968567
-0.4240744709968567
-0.4240744709968567
-0.4240744709968567
-0.4240744709968567
1.3069223165512085
2.796088695526123
2.796088695526123
2.796088695526123
2.2742440700531006
1.2941944599151611
1.25601065158844
-0.22042778134346008
-0.4240744709968567
-0.4240744709968567
-0.4240744709968567
-0.4240744709968567
-0.4240744709968567
-0.4240744709968567
-0.4240744709968567
-0.4240744709968567
-0.4240744709968567
-0.4240744709968567
-0.4240744709968567
-0.4240744709968567
-0.4240744709968567
-0.4240744709968567
-0.4240744709968567
-0.4240744709968567
-0.4240744709968567
-0.4240744709968567
-0.4240744709968567
-0.4240744709968567
-0.4240744709968567
-0.4240744709968567
-0.4240744709968567
-0.4240744709968567
-0.4240744709968567
-0.4240744709968567
-0.4240744709968567
-0.4240744709968567
-0.4240744709968567
-0.4240744709968567
-0.4240744709968567
-0.4240744709968567
-0.4240744709968567
-0.4240744709968567
-0.4240744709968567
-0.4240744709968567
-0.4240744709968567
-0.4240744709968567
-0.4240744709968567
-0.4240744709968567
-0.4240744709968567
-0.4240744709968567
-0.4240744709968567
-0.4240744709968567
-0.4240744709968567
-0.4240744709968567
-0.4240744709968567
-0.4240744709968567
-0.4240744709968567
-0.4240744709968567
-0.4240744709968567
-0.4240744709968567
-0.4240744709968567
-0.4240744709968567
-0.4240744709968567
-0.4240744709968567
-0.4240744709968567
-0.4240744709968567
-0.4240744709968567
-0.4240744709968567
-0.4240744709968567
-0.4240744709968567
-0.4240744709968567
-0.4240744709968567
-0.4240744709968567
-0.4240744709968567
-0.4240744709968567
-0.4240744709968567
-0.4240744709968567
-0.4240744709968567
-0.4240744709968567
-0.4240744709968567
-0.4240744709968567
-0.4240744709968567
-0.4240744709968567
-0.4240744709968567
-0.4240744709968567
-0.4240744709968567
-0.4240744709968567
-0.4240744709968567
-0.4240744709968567
-0.4240744709968567
-0.4240744709968567
-0.4240744709968567
-0.4240744709968567
-0.4240744709968567
-0.4240744709968567
-0.4240744709968567
-0.4240744709968567
-0.4240744709968567
-0.4240744709968567
-0.4240744709968567
-0.4240744709968567
-0.4240744709968567
-0.4240744709968567
-0.4240744709968567
-0.4240744709968567
-0.4240744709968567
-0.4240744709968567
-0.4240744709968567
-0.4240744709968567
-0.4240744709968567
-0.4240744709968567
-0.4240744709968567
-0.4240744709968567
-0.4240744709968567
-0.4240744709968567
-0.4240744709968567
-0.4240744709968567
-0.4240744709968567
-0.4240744709968567
-0.4240744709968567
-0.4240744709968567
-0.4240744709968567
-0.4240744709968567
-0.4240744709968567
-0.4240744709968567
-0.4240744709968567
-0.4240744709968567
-0.4240744709968567
-0.4240744709968567
-0.4240744709968567
-0.4240744709968567
-0.4240744709968567
-0.4240744709968567
-0.4240744709968567
-0.4240744709968567
-0.4240744709968567
-0.4240744709968567
-0.4240744709968567
-0.4240744709968567
-0.4240744709968567
-0.4240744709968567
-0.4240744709968567
-0.4240744709968567
-0.4240744709968567
-0.4240744709968567
-0.4240744709968567
-0.4240744709968567
-0.4240744709968567
-0.4240744709968567
-0.4240744709968567
-0.4240744709968567
-0.4240744709968567
-0.4240744709968567
-0.4240744709968567
-0.4240744709968567
-0.4240744709968567
-0.4240744709968567
-0.4240744709968567
-0.4240744709968567
-0.4240744709968567
-0.4240744709968567
-0.4240744709968567
-0.4240744709968567
-0.4240744709968567
-0.4240744709968567
-0.4240744709968567
-0.4240744709968567
-0.4240744709968567
-0.4240744709968567
-0.4240744709968567
-0.4240744709968567
-0.4240744709968567
-0.4240744709968567
-0.4240744709968567
-0.4240744709968567
-0.4240744709968567
-0.4240744709968567
-0.4240744709968567
-0.4240744709968567
-0.4240744709968567
-0.4240744709968567
-0.4240744709968567
-0.4240744709968567
-0.4240744709968567
-0.4240744709968567
-0.4240744709968567
-0.4240744709968567
-0.4240744709968567
-0.4240744709968567
-0.4240744709968567
-0.4240744709968567
-0.4240744709968567
-0.4240744709968567
-0.4240744709968567
-0.4240744709968567
-0.4240744709968567
-0.4240744709968567
-0.4240744709968567
-0.4240744709968567
-0.4240744709968567
-0.4240744709968567
-0.4240744709968567
-0.4240744709968567
-0.4240744709968567
-0.4240744709968567
-0.4240744709968567
-0.4240744709968567
-0.4240744709968567
-0.4240744709968567
-0.4240744709968567
-0.4240744709968567
-0.4240744709968567
-0.4240744709968567
-0.4240744709968567
-0.4240744709968567
-0.4240744709968567
-0.4240744709968567
-0.4240744709968567
-0.4240744709968567
-0.4240744709968567
-0.4240744709968567
-0.4240744709968567
-0.4240744709968567
-0.4240744709968567
-0.4240744709968567
-0.4240744709968567
-0.4240744709968567
-0.4240744709968567
-0.4240744709968567
-0.4240744709968567
-0.4240744709968567
-0.4240744709968567
-0.4240744709968567
-0.4240744709968567
-0.4240744709968567
0.22504936158657074
1.5996644496917725
2.796088695526123
1.5996644496917725
0.2123214453458786
-0.4240744709968567
-0.4240744709968567
-0.4240744709968567
-0.4240744709968567
-0.4240744709968567
-0.4240744709968567
-0.4240744709968567
-0.4240744709968567
-0.4240744709968567
-0.4240744709968567
-0.4240744709968567
-0.4240744709968567
-0.4240744709968567
-0.4240744709968567
-0.4240744709968567
-0.4240744709968567
-0.4240744709968567
-0.4240744709968567
-0.4240744709968567
-0.4240744709968567
-0.4240744709968567
-0.4240744709968567
0.18686559796333313
2.6051700115203857
2.7833609580993652
2.7833609580993652
2.7833609580993652
2.592442035675049
-0.4240744709968567
-0.4240744709968567
-0.4240744709968567
-0.4240744709968567
-0.4240744709968567
-0.4240744709968567
-0.4240744709968567
-0.4240744709968567
-0.4240744709968567
-0.4240744709968567
-0.4240744709968567
-0.4240744709968567
-0.4240744709968567
-0.4240744709968567
-0.4240744709968567
-0.4240744709968567
-0.4240744709968567
-0.4240744709968567
-0.4240744709968567
-0.4240744709968567
-0.4240744709968567
0.26323312520980835
2.465162992477417
2.796088695526123
2.7833609580993652
2.6178979873657227
2.5415303707122803
2.7833609580993652
0.30141687393188477
-0.34770697355270386
-0.4240744709968567
-0.4240744709968567
-0.4240744709968567
-0.4240744709968567
-0.4240744709968567
-0.4240744709968567
-0.4240744709968567
-0.4240744709968567
-0.4240744709968567
-0.4240744709968567
-0.4240744709968567
-0.4240744709968567
-0.4240744709968567
-0.4240744709968567
-0.4240744709968567
-0.4240744709968567
-0.4240744709968567
-0.2967952787876129
0.3396006226539612
2.4269790649414062
2.7833609580993652
2.796088695526123
2.7833609580993652
2.1469650268554688
0.6450706720352173
2.7833609580993652
2.796088695526123
1.1287314891815186
-0.4240744709968567
-0.4240744709968567
-0.4240744709968567
-0.4240744709968567
-0.4240744709968567
-0.4240744709968567
-0.4240744709968567
-0.4240744709968567
-0.4240744709968567
-0.4240744709968567
-0.4240744709968567
-0.4240744709968567
-0.4240744709968567
-0.4240744709968567
-0.4240744709968567
-0.4240744709968567
-0.4240744709968567
1.650576114654541
2.7833609580993652
2.7833609580993652
2.7833609580993652
2.796088695526123
2.7833609580993652
2.7833609580993652
0.797805666923523
1.9815020561218262
2.796088695526123
1.7014877796173096
-0.4240744709968567
-0.4240744709968567
-0.4240744709968567
-0.4240744709968567
-0.4240744709968567
-0.4240744709968567
-0.4240744709968567
-0.4240744709968567
-0.4240744709968567
-0.4240744709968567
-0.4240744709968567
-0.4240744709968567
-0.4240744709968567
-0.4240744709968567
-0.4240744709968567
-0.4240744709968567
0.22504936158657074
2.6051700115203857
2.796088695526123
2.796088695526123
1.9942299127578735
1.0269081592559814
2.796088695526123
2.477890729904175
0.174137681722641
0.5814310908317566
2.821544647216797
1.7142157554626465
-0.4240744709968567
-0.4240744709968567
-0.4240744709968567
-0.4240744709968567
-0.4240744709968567
-0.4240744709968567
-0.4240744709968567
-0.4240744709968567
-0.4240744709968567
-0.4240744709968567
-0.4240744709968567
-0.4240744709968567
-0.4240744709968567
-0.4240744709968567
-0.4240744709968567
0.18686559796333313
2.6051700115203857
2.7833609580993652
2.7833609580993652
1.8542228937149048
-0.27133944630622864
0.530519425868988
1.1160036325454712
-0.1567881852388382
-0.4240744709968567
-0.4240744709968567
2.796088695526123
2.668809652328491
0.2123214453458786
-0.4240744709968567
-0.4240744709968567
-0.4240744709968567
-0.4240744709968567
-0.4240744709968567
-0.4240744709968567
-0.4240744709968567
-0.4240744709968567
-0.4240744709968567
-0.4240744709968567
-0.4240744709968567
-0.4240744709968567
-0.4240744709968567
0.05958642065525055
1.6760319471359253
2.796088695526123
2.5415303707122803
2.223332405090332
0.6450706720352173
-0.4240744709968567
-0.4240744709968567
-0.4240744709968567
-0.4240744709968567
-0.4240744709968567
-0.4240744709968567
2.796088695526123
2.7833609580993652
1.6760319471359253
-0.4240744709968567
-0.4240744709968567
-0.4240744709968567
-0.4240744709968567
-0.4240744709968567
-0.4240744709968567
-0.4240744709968567
-0.4240744709968567
-0.4240744709968567
-0.4240744709968567
-0.4240744709968567
-0.4240744709968567
-0.3349790573120117
1.8414949178695679
2.7833609580993652
2.6306259632110596
0.4796077311038971
-0.18224401772022247
-0.06769275665283203
-0.4240744709968567
-0.4240744709968567
-0.4240744709968567
-0.4240744709968567
-0.4240744709968567
-0.4240744709968567
2.796088695526123
2.7833609580993652
2.0578694343566895
-0.4240744709968567
-0.4240744709968567
-0.4240744709968567
-0.4240744709968567
-0.4240744709968567
-0.4240744709968567
-0.4240744709968567
-0.4240744709968567
-0.4240744709968567
-0.4240744709968567
-0.4240744709968567
-0.4240744709968567
0.30141687393188477
2.7833609580993652
2.7833609580993652
0.3777843713760376
-0.4240744709968567
-0.4240744709968567
-0.4240744709968567
-0.4240744709968567
-0.4240744709968567
-0.4240744709968567
-0.4240744709968567
-0.4240744709968567
-0.4240744709968567
2.796088695526123
2.7833609580993652
2.0578694343566895
-0.4240744709968567
-0.4240744709968567
-0.4240744709968567
-0.4240744709968567
-0.4240744709968567
-0.4240744709968567
-0.4240744709968567
-0.4240744709968567
-0.4240744709968567
-0.4240744709968567
-0.4240744709968567
-0.4240744709968567
2.0960533618927
2.796088695526123
1.9942299127578735
-0.4240744709968567
-0.4240744709968567
-0.4240744709968567
-0.4240744709968567
-0.4240744709968567
-0.4240744709968567
-0.4240744709968567
-0.4240744709968567
-0.4240744709968567
-0.4240744709968567
2.821544647216797
2.796088695526123
2.0705974102020264
-0.4240744709968567
-0.4240744709968567
-0.4240744709968567
-0.4240744709968567
-0.4240744709968567
-0.4240744709968567
-0.4240744709968567
-0.4240744709968567
-0.4240744709968567
-0.4240744709968567
-0.4240744709968567
0.5432473421096802
2.706993341445923
2.7833609580993652
1.0014523267745972
-0.4240744709968567
-0.4240744709968567
-0.4240744709968567
-0.4240744709968567
-0.4240744709968567
-0.4240744709968567
-0.4240744709968567
-0.4240744709968567
-0.4240744709968567
-0.4240744709968567
2.796088695526123
2.7833609580993652
1.4596574306488037
-0.4240744709968567
-0.4240744709968567
-0.4240744709968567
-0.4240744709968567
-0.4240744709968567
-0.4240744709968567
-0.4240744709968567
-0.4240744709968567
-0.4240744709968567
-0.4240744709968567
-0.4240744709968567
0.6577985882759094
2.7833609580993652
2.5033466815948486
-0.10587651282548904
-0.4240744709968567
-0.4240744709968567
-0.4240744709968567
-0.4240744709968567
-0.4240744709968567
-0.4240744709968567
-0.4240744709968567
-0.4240744709968567
-0.3349790573120117
1.2941944599151611
2.796088695526123
1.943318247795105
-0.27133944630622864
-0.4240744709968567
-0.4240744709968567
-0.4240744709968567
-0.4240744709968567
-0.4240744709968567
-0.4240744709968567
-0.4240744709968567
-0.4240744709968567
-0.4240744709968567
-0.4240744709968567
-0.4240744709968567
0.6577985882759094
2.7833609580993652
2.4142513275146484
-0.4240744709968567
-0.4240744709968567
-0.4240744709968567
-0.4240744709968567
-0.4240744709968567
-0.4240744709968567
-0.4240744709968567
-0.4240744709968567
-0.3349790573120117
1.2432827949523926
2.7833609580993652
2.439707040786743
0.4796077311038971
-0.4240744709968567
-0.4240744709968567
-0.4240744709968567
-0.4240744709968567
-0.4240744709968567
-0.4240744709968567
-0.4240744709968567
-0.4240744709968567
-0.4240744709968567
-0.4240744709968567
-0.4240744709968567
-0.4240744709968567
0.6577985882759094
2.7833609580993652
1.4214736223220825
-0.4240744709968567
-0.4240744709968567
-0.4240744709968567
-0.4240744709968567
-0.4240744709968567
-0.4240744709968567
-0.4240744709968567
0.18686559796333313
1.6760319471359253
2.7833609580993652
1.7778552770614624
-0.4240744709968567
-0.4240744709968567
-0.4240744709968567
-0.4240744709968567
-0.4240744709968567
-0.4240744709968567
-0.4240744709968567
-0.4240744709968567
-0.4240744709968567
-0.4240744709968567
-0.4240744709968567
-0.4240744709968567
-0.4240744709968567
-0.4240744709968567
0.6705265045166016
2.796088695526123
2.439707040786743
-0.4240744709968567
-0.4240744709968567
-0.4240744709968567
-0.4240744709968567
-0.4240744709968567
-0.4240744709968567
1.0269081592559814
2.6051700115203857
2.796088695526123
1.6378482580184937
-0.4240744709968567
-0.4240744709968567
-0.4240744709968567
-0.4240744709968567
-0.4240744709968567
-0.4240744709968567
-0.4240744709968567
-0.4240744709968567
-0.4240744709968567
-0.4240744709968567
-0.4240744709968567
-0.4240744709968567
-0.4240744709968567
-0.4240744709968567
-0.4240744709968567
0.6577985882759094
2.7833609580993652
2.7451770305633545
1.4342015981674194
0.18686559796333313
-0.05496484041213989
0.6577985882759094
1.8414949178695679
2.439707040786743
2.796088695526123
2.4142513275146484
1.7014877796173096
0.2886889576911926
-0.4240744709968567
-0.4240744709968567
-0.4240744709968567
-0.4240744709968567
-0.4240744709968567
-0.4240744709968567
-0.4240744709968567
-0.4240744709968567
-0.4240744709968567
-0.4240744709968567
-0.4240744709968567
-0.4240744709968567
-0.4240744709968567
-0.4240744709968567
-0.4240744709968567
0.6577985882759094
2.7833609580993652
2.7833609580993652
2.7833609580993652
2.4906187057495117
2.3124279975891113
2.7833609580993652
2.7833609580993652
2.7833609580993652
2.0705974102020264
1.2305548191070557
-0.4240744709968567
-0.4240744709968567
-0.4240744709968567
-0.4240744709968567
-0.4240744709968567
-0.4240744709968567
-0.4240744709968567
-0.4240744709968567
-0.4240744709968567
-0.4240744709968567
-0.4240744709968567
-0.4240744709968567
-0.4240744709968567
-0.4240744709968567
-0.4240744709968567
-0.4240744709968567
-0.4240744709968567
-0.06769275665283203
2.108781099319458
2.7833609580993652
2.7833609580993652
2.796088695526123
2.7833609580993652
2.7833609580993652
2.5415303707122803
1.4214736223220825
-0.4240744709968567
-0.4240744709968567
-0.4240744709968567
-0.4240744709968567
-0.4240744709968567
-0.4240744709968567
-0.4240744709968567
-0.4240744709968567
-0.4240744709968567
-0.4240744709968567
-0.4240744709968567
-0.4240744709968567
-0.4240744709968567
-0.4240744709968567
-0.4240744709968567
-0.4240744709968567
-0.4240744709968567
-0.4240744709968567
-0.4240744709968567
-0.4240744709968567
-0.10587651282548904
1.2050989866256714
2.7833609580993652
2.796088695526123
2.7833609580993652
1.370561957359314
0.04685850441455841
-0.4240744709968567
-0.4240744709968567
-0.4240744709968567
-0.4240744709968567
-0.4240744709968567
-0.4240744709968567
-0.4240744709968567
-0.4240744709968567
-0.4240744709968567
-0.4240744709968567
-0.4240744709968567
-0.4240744709968567
-0.4240744709968567
-0.4240744709968567
-0.4240744709968567
-0.4240744709968567
-0.4240744709968567
-0.4240744709968567
-0.4240744709968567
-0.4240744709968567
-0.4240744709968567
-0.4240744709968567
-0.4240744709968567
-0.4240744709968567
-0.4240744709968567
-0.4240744709968567
-0.4240744709968567
-0.4240744709968567
-0.4240744709968567
-0.4240744709968567
-0.4240744709968567
-0.4240744709968567
-0.4240744709968567
-0.4240744709968567
-0.4240744709968567
-0.4240744709968567
-0.4240744709968567
-0.4240744709968567
-0.4240744709968567
-0.4240744709968567
-0.4240744709968567
-0.4240744709968567
-0.4240744709968567
-0.4240744709968567
-0.4240744709968567
-0.4240744709968567
-0.4240744709968567
-0.4240744709968567
-0.4240744709968567
-0.4240744709968567
-0.4240744709968567
-0.4240744709968567
-0.4240744709968567
-0.4240744709968567
-0.4240744709968567
-0.4240744709968567
-0.4240744709968567
-0.4240744709968567
-0.4240744709968567
-0.4240744709968567
-0.4240744709968567
-0.4240744709968567
-0.4240744709968567
-0.4240744709968567
-0.4240744709968567
-0.4240744709968567
-0.4240744709968567
-0.4240744709968567
-0.4240744709968567
-0.4240744709968567
-0.4240744709968567
-0.4240744709968567
-0.4240744709968567
-0.4240744709968567
-0.4240744709968567
-0.4240744709968567
-0.4240744709968567
-0.4240744709968567
-0.4240744709968567
-0.4240744709968567
-0.4240744709968567
-0.4240744709968567
-0.4240744709968567
-0.4240744709968567
-0.4240744709968567
-0.4240744709968567
-0.4240744709968567
-0.4240744709968567
-0.4240744709968567
-0.4240744709968567
-0.4240744709968567
-0.4240744709968567
-0.4240744709968567
-0.4240744709968567
-0.4240744709968567
-0.4240744709968567
-0.4240744709968567
-0.4240744709968567
-0.4240744709968567
-0.4240744709968567
-0.4240744709968567
-0.4240744709968567
-0.4240744709968567
-0.4240744709968567
-0.4240744709968567
-0.4240744709968567
-0.4240744709968567
-0.4240744709968567
-0.4240744709968567
-0.4240744709968567
-0.4240744709968567
-0.4240744709968567
-0.4240744709968567
-0.4240744709968567
-0.4240744709968567
-0.4240744709968567
-0.4240744709968567
-0.4240744709968567
-0.4240744709968567
-0.4240744709968567
-0.4240744709968567
-0.4240744709968567
-0.4240744709968567
-0.4240744709968567
-0.4240744709968567
-0.4240744709968567
-0.4240744709968567
-0.4240744709968567
-0.4240744709968567
-0.4240744709968567
-0.4240744709968567
-0.4240744709968567
-0.4240744709968567
-0.4240744709968567
-0.4240744709968567
-0.4240744709968567
-0.4240744709968567
-0.4240744709968567
-0.4240744709968567
-0.4240744709968567
-0.4240744709968567
-0.4240744709968567
-0.4240744709968567
-0.4240744709968567
-0.4240744709968567
-0.4240744709968567
-0.4240744709968567
-0.4240744709968567
-0.4240744709968567
-0.4240744709968567
-0.4240744709968567
-0.4240744709968567
-0.4240744709968567
-0.4240744709968567
-0.4240744709968567
-0.4240744709968567
-0.4240744709968567
-0.4240744709968567
-0.4240744709968567
-0.4240744709968567
-0.4240744709968567
-0.4240744709968567
-0.4240744709968567
-0.4240744709968567
-0.4240744709968567
-0.4240744709968567
-0.4240744709968567
-0.4240744709968567
-0.4240744709968567
-0.4240744709968567
-0.4240744709968567
-0.4240744709968567
-0.4240744709968567
-0.4240744709968567
-0.4240744709968567
-0.4240744709968567
-0.4240744709968567
-0.4240744709968567
-0.4240744709968567
-0.4240744709968567
-0.4240744709968567
-0.4240744709968567
-0.4240744709968567
-0.4240744709968567
-0.4240744709968567
-0.4240744709968567
-0.4240744709968567
-0.4240744709968567
-0.4240744709968567
-0.4240744709968567
-0.4240744709968567
-0.4240744709968567
-0.4240744709968567
-0.4240744709968567
-0.4240744709968567
-0.4240744709968567
-0.4240744709968567
-0.4240744709968567
-0.4240744709968567
-0.4240744709968567
-0.4240744709968567
-0.4240744709968567
-0.4240744709968567
-0.4240744709968567
-0.4240744709968567
-0.4240744709968567
-0.4240744709968567
-0.4240744709968567
-0.4240744709968567
-0.4240744709968567
-0.4240744709968567
-0.4240744709968567
-0.4240744709968567
-0.4240744709968567
-0.4240744709968567
-0.4240744709968567
-0.4240744709968567
-0.4240744709968567
-0.4240744709968567
-0.4240744709968567
-0.4240744709968567
-0.4240744709968567
-0.4240744709968567
-0.4240744709968567
-0.4240744709968567
-0.4240744709968567
-0.4240744709968567
-0.4240744709968567
-0.4240744709968567
-0.4240744709968567
-0.4240744709968567
-0.4240744709968567
-0.4240744709968567
-0.4240744709968567
-0.4240744709968567
-0.4240744709968567
-0.4240744709968567
-0.4240744709968567
-0.4240744709968567
-0.4240744709968567
-0.4240744709968567
-0.4240744709968567
-0.4240744709968567
-0.4240744709968567
-0.4240744709968567
-0.4240744709968567
-0.4240744709968567
-0.4240744709968567
-0.4240744709968567
-0.4240744709968567
-0.4240744709968567
-0.4240744709968567
-0.4240744709968567
-0.4240744709968567
-0.4240744709968567
-0.4240744709968567
-0.4240744709968567
-0.4240744709968567
-0.4240744709968567
-0.4240744709968567
-0.4240744709968567
-0.4240744709968567
-0.4240744709968567
-0.4240744709968567
-0.4240744709968567
-0.4240744709968567
-0.4240744709968567
-0.4240744709968567
-0.4240744709968567
-0.4240744709968567
-0.4240744709968567
-0.4240744709968567
-0.4240744709968567
-0.4240744709968567
-0.4240744709968567
-0.4240744709968567
-0.4240744709968567
-0.4240744709968567
-0.4240744709968567
-0.4240744709968567
-0.4240744709968567
-0.4240744709968567
-0.4240744709968567
-0.4240744709968567
-0.4240744709968567
-0.4240744709968567
0.42869603633880615
2.5288023948669434
0.07231433689594269
-0.4240744709968567
-0.4240744709968567
-0.4240744709968567
-0.4240744709968567
-0.4240744709968567
-0.4240744709968567
-0.4240744709968567
-0.4240744709968567
-0.4240744709968567
0.36505645513534546
0.6068869233131409
-0.4240744709968567
-0.4240744709968567
-0.4240744709968567
-0.4240744709968567
-0.4240744709968567
-0.4240744709968567
-0.4240744709968567
-0.4240744709968567
-0.4240744709968567
-0.4240744709968567
-0.4240744709968567
-0.4240744709968567
-0.4240744709968567
-0.4240744709968567
1.1032756567001343
1.8669507503509521
0.07231433689594269
-0.4240744709968567
-0.4240744709968567
-0.4240744709968567
-0.4240744709968567
-0.4240744709968567
-0.4240744709968567
-0.4240744709968567
-0.4240744709968567
-0.4240744709968567
1.179643154144287
1.650576114654541
-0.4240744709968567
-0.4240744709968567
-0.4240744709968567
-0.4240744709968567
-0.4240744709968567
-0.4240744709968567
-0.4240744709968567
-0.4240744709968567
-0.4240744709968567
-0.4240744709968567
-0.4240744709968567
-0.4240744709968567
-0.4240744709968567
-0.3986186385154724
1.5232969522476196
2.248788356781006
0.08504226058721542
-0.4240744709968567
-0.4240744709968567
-0.4240744709968567
-0.4240744709968567
-0.4240744709968567
-0.4240744709968567
-0.4240744709968567
-0.4240744709968567
-0.4240744709968567
2.3760673999786377
1.650576114654541
-0.4240744709968567
-0.4240744709968567
-0.4240744709968567
-0.4240744709968567
-0.4240744709968567
-0.4240744709968567
-0.4240744709968567
-0.4240744709968567
-0.4240744709968567
-0.4240744709968567
-0.4240744709968567
-0.4240744709968567
-0.4240744709968567
-0.08042068034410477
2.80881667137146
1.6378482580184937
-0.4240744709968567
-0.4240744709968567
-0.4240744709968567
-0.4240744709968567
-0.4240744709968567
-0.4240744709968567
-0.4240744709968567
-0.4240744709968567
-0.4240744709968567
-0.4240744709968567
2.4015233516693115
1.650576114654541
-0.4240744709968567
-0.4240744709968567
-0.4240744709968567
-0.4240744709968567
-0.4240744709968567
-0.4240744709968567
-0.4240744709968567
-0.4240744709968567
-0.4240744709968567
-0.4240744709968567
-0.4240744709968567
-0.4240744709968567
-0.4240744709968567
1.9051345586776733
2.80881667137146
1.1669152975082397
-0.4240744709968567
-0.4240744709968567
-0.4240744709968567
-0.4240744709968567
-0.4240744709968567
-0.4240744709968567
-0.4240744709968567
-0.4240744709968567
-0.4240744709968567
0.16140976548194885
2.694265365600586
1.650576114654541
-0.4240744709968567
-0.4240744709968567
-0.4240744709968567
-0.4240744709968567
-0.4240744709968567
-0.4240744709968567
-0.4240744709968567
-0.4240744709968567
-0.4240744709968567
-0.4240744709968567
-0.4240744709968567
-0.4240744709968567
-0.4240744709968567
2.0960533618927
2.80881667137146
0.2886889576911926
-0.4240744709968567
-0.4240744709968567
-0.4240744709968567
-0.4240744709968567
-0.4240744709968567
-0.4240744709968567
-0.4240744709968567
-0.4240744709968567
-0.4240744709968567
1.1032756567001343
2.80881667137146
1.650576114654541
-0.4240744709968567
-0.4240744709968567
-0.4240744709968567
-0.4240744709968567
-0.4240744709968567
-0.4240744709968567
-0.4240744709968567
-0.4240744709968567
-0.4240744709968567
-0.4240744709968567
-0.4240744709968567
-0.4240744709968567
-0.13133235275745392
2.5160746574401855
2.80881667137146
-0.05496484041213989
-0.4240744709968567
-0.4240744709968567
-0.4240744709968567
-0.4240744709968567
-0.4240744709968567
-0.4240744709968567
-0.4240744709968567
-0.4240744709968567
-0.4240744709968567
1.5996644496917725
2.80881667137146
1.1032756567001343
-0.4240744709968567
-0.4240744709968567
-0.4240744709968567
-0.4240744709968567
-0.4240744709968567
-0.4240744709968567
-0.4240744709968567
-0.4240744709968567
-0.4240744709968567
-0.4240744709968567
-0.4240744709968567
-0.4240744709968567
1.650576114654541
2.80881667137146
2.325155735015869
-0.22042778134346008
-0.4240744709968567
-0.4240744709968567
-0.4240744709968567
-0.4240744709968567
-0.4240744709968567
-0.4240744709968567
-0.4240744709968567
-0.4240744709968567
-0.4240744709968567
1.5996644496917725
2.80881667137146
0.42869603633880615
-0.4240744709968567
-0.4240744709968567
-0.4240744709968567
-0.4240744709968567
-0.4240744709968567
-0.4240744709968567
-0.4240744709968567
-0.4240744709968567
-0.4240744709968567
-0.24588361382484436
0.6705265045166016
1.8414949178695679
2.7324492931365967
2.80881667137146
0.7341660857200623
-0.4240744709968567
-0.4240744709968567
-0.4240744709968567
-0.4240744709968567
-0.4240744709968567
-0.4240744709968567
-0.4240744709968567
-0.4240744709968567
-0.4240744709968567
-0.4240744709968567
1.5996644496917725
2.80881667137146
0.6577985882759094
-0.4240744709968567
-0.4240744709968567
-0.4240744709968567
0.174137681722641
0.19959352910518646
1.0523639917373657
1.4087456464767456
1.485113263130188
2.6433537006378174
2.668809652328491
2.554258346557617
1.8542228937149048
2.6433537006378174
2.7833609580993652
0.08504226058721542
-0.4240744709968567
-0.4240744709968567
-0.4240744709968567
-0.4240744709968567
-0.4240744709968567
-0.4240744709968567
-0.4240744709968567
-0.4240744709968567
-0.4240744709968567
-0.4240744709968567
1.485113263130188
2.796088695526123
2.592442035675049
2.210604667663574
2.210604667663574
2.210604667663574
2.796088695526123
2.80881667137146
2.7579050064086914
2.6306259632110596
2.0960533618927
1.3960177898406982
0.7341660857200623
-0.06769275665283203
-0.360434889793396
2.5415303707122803
2.7579050064086914
-0.4240744709968567
-0.4240744709968567
-0.4240744709968567
-0.4240744709968567
-0.4240744709968567
-0.4240744709968567
-0.4240744709968567
-0.4240744709968567
-0.4240744709968567
-0.4240744709968567
-0.4240744709968567
-0.4240744709968567
1.090547800064087
1.8287670612335205
1.8287670612335205
1.8287670612335205
1.8287670612335205
1.8287670612335205
0.8232614398002625
0.2886889576911926
-0.4240744709968567
-0.4240744709968567
-0.4240744709968567
-0.4240744709968567
-0.4240744709968567
0.8741731643676758
2.80881667137146
2.3760673999786377
-0.4240744709968567
-0.4240744709968567
-0.4240744709968567
-0.4240744709968567
-0.4240744709968567
-0.4240744709968567
-0.4240744709968567
-0.4240744709968567
-0.4240744709968567
-0.4240744709968567
-0.4240744709968567
-0.4240744709968567
-0.4240744709968567
-0.4240744709968567
-0.4240744709968567
-0.4240744709968567
-0.4240744709968567
-0.4240744709968567
-0.4240744709968567
-0.4240744709968567
-0.4240744709968567
-0.4240744709968567
-0.4240744709968567
-0.4240744709968567
-0.4240744709968567
1.7269436120986938
2.80881667137146
1.3196502923965454
-0.4240744709968567
-0.4240744709968567
-0.4240744709968567
-0.4240744709968567
-0.4240744709968567
-0.4240744709968567
-0.4240744709968567
-0.4240744709968567
-0.4240744709968567
-0.4240744709968567
-0.4240744709968567
-0.4240744709968567
-0.4240744709968567
-0.4240744709968567
-0.4240744709968567
-0.4240744709968567
-0.4240744709968567
-0.4240744709968567
-0.4240744709968567
-0.4240744709968567
-0.4240744709968567
-0.4240744709968567
-0.4240744709968567
-0.4240744709968567
-0.4240744709968567
1.7269436120986938
2.80881667137146
0.30141687393188477
-0.4240744709968567
-0.4240744709968567
-0.4240744709968567
-0.4240744709968567
-0.4240744709968567
-0.4240744709968567
-0.4240744709968567
-0.4240744709968567
-0.4240744709968567
-0.4240744709968567
-0.4240744709968567
-0.4240744709968567
-0.4240744709968567
-0.4240744709968567
-0.4240744709968567
-0.4240744709968567
-0.4240744709968567
-0.4240744709968567
-0.4240744709968567
-0.4240744709968567
-0.4240744709968567
-0.4240744709968567
-0.4240744709968567
-0.4240744709968567
-0.4240744709968567
1.7269436120986938
2.80881667137146
0.30141687393188477
-0.4240744709968567
-0.4240744709968567
-0.4240744709968567
-0.4240744709968567
-0.4240744709968567
-0.4240744709968567
-0.4240744709968567
-0.4240744709968567
-0.4240744709968567
-0.4240744709968567
-0.4240744709968567
-0.4240744709968567
-0.4240744709968567
-0.4240744709968567
-0.4240744709968567
-0.4240744709968567
-0.4240744709968567
-0.4240744709968567
-0.4240744709968567
-0.4240744709968567
-0.4240744709968567
-0.4240744709968567
-0.4240744709968567
-0.4240744709968567
-0.4240744709968567
1.7269436120986938
2.821544647216797
0.7723498344421387
-0.4240744709968567
-0.4240744709968567
-0.4240744709968567
-0.4240744709968567
-0.4240744709968567
-0.4240744709968567
-0.4240744709968567
-0.4240744709968567
-0.4240744709968567
-0.4240744709968567
-0.4240744709968567
-0.4240744709968567
-0.4240744709968567
-0.4240744709968567
-0.4240744709968567
-0.4240744709968567
-0.4240744709968567
-0.4240744709968567
-0.4240744709968567
-0.4240744709968567
-0.4240744709968567
-0.4240744709968567
-0.4240744709968567
-0.4240744709968567
-0.4240744709968567
1.7269436120986938
2.80881667137146
0.797805666923523
-0.4240744709968567
-0.4240744709968567
-0.4240744709968567
-0.4240744709968567
-0.4240744709968567
-0.4240744709968567
-0.4240744709968567
-0.4240744709968567
-0.4240744709968567
-0.4240744709968567
-0.4240744709968567
-0.4240744709968567
-0.4240744709968567
-0.4240744709968567
-0.4240744709968567
-0.4240744709968567
-0.4240744709968567
-0.4240744709968567
-0.4240744709968567
-0.4240744709968567
-0.4240744709968567
-0.4240744709968567
-0.4240744709968567
-0.4240744709968567
-0.4240744709968567
1.7269436120986938
2.80881667137146
1.5232969522476196
-0.4240744709968567
-0.4240744709968567
-0.4240744709968567
-0.4240744709968567
-0.4240744709968567
-0.4240744709968567
-0.4240744709968567
-0.4240744709968567
-0.4240744709968567
-0.4240744709968567
-0.4240744709968567
-0.4240744709968567
-0.4240744709968567
-0.4240744709968567
-0.4240744709968567
-0.4240744709968567
-0.4240744709968567
-0.4240744709968567
-0.4240744709968567
-0.4240744709968567
-0.4240744709968567
-0.4240744709968567
-0.4240744709968567
-0.4240744709968567
-0.4240744709968567
1.7269436120986938
2.821544647216797
1.5232969522476196
-0.4240744709968567
-0.4240744709968567
-0.4240744709968567
-0.4240744709968567
-0.4240744709968567
-0.4240744709968567
-0.4240744709968567
-0.4240744709968567
-0.4240744709968567
-0.4240744709968567
-0.4240744709968567
-0.4240744709968567
-0.4240744709968567
-0.4240744709968567
-0.4240744709968567
-0.4240744709968567
-0.4240744709968567
-0.4240744709968567
-0.4240744709968567
-0.4240744709968567
-0.4240744709968567
-0.4240744709968567
-0.4240744709968567
-0.4240744709968567
-0.4240744709968567
0.797805666923523
2.80881667137146
1.5232969522476196
-0.4240744709968567
-0.4240744709968567
-0.4240744709968567
-0.4240744709968567
-0.4240744709968567
-0.4240744709968567
-0.4240744709968567
-0.4240744709968567
-0.4240744709968567
-0.4240744709968567
-0.4240744709968567
-0.4240744709968567
-0.4240744709968567
-0.4240744709968567
-0.4240744709968567
-0.4240744709968567
-0.4240744709968567
-0.4240744709968567
-0.4240744709968567
-0.4240744709968567
-0.4240744709968567
-0.4240744709968567
-0.4240744709968567
-0.4240744709968567
-0.4240744709968567
-0.4240744709968567
-0.4240744709968567
-0.4240744709968567
-0.4240744709968567
-0.4240744709968567
-0.4240744709968567
-0.4240744709968567
-0.4240744709968567
-0.4240744709968567
-0.4240744709968567
-0.4240744709968567
-0.4240744709968567
-0.4240744709968567
-0.4240744709968567
-0.4240744709968567
-0.4240744709968567
-0.4240744709968567
-0.4240744709968567
-0.4240744709968567
-0.4240744709968567
-0.4240744709968567
-0.4240744709968567
-0.4240744709968567
-0.4240744709968567
-0.4240744709968567
-0.4240744709968567
-0.4240744709968567
-0.4240744709968567
-0.4240744709968567
-0.4240744709968567
-0.4240744709968567
-0.4240744709968567
-0.4240744709968567
-0.4240744709968567
-0.4240744709968567
-0.4240744709968567
-0.4240744709968567
-0.4240744709968567
-0.4240744709968567
-0.4240744709968567
-0.4240744709968567
-0.4240744709968567
-0.4240744709968567
-0.4240744709968567
-0.4240744709968567
-0.4240744709968567
-0.4240744709968567
-0.4240744709968567
-0.4240744709968567
-0.4240744709968567
-0.4240744709968567
-0.4240744709968567
-0.4240744709968567
-0.4240744709968567
-0.4240744709968567
-0.4240744709968567
-0.4240744709968567
-0.4240744709968567
-0.4240744709968567
-0.4240744709968567
-0.4240744709968567
-0.4240744709968567
-0.4240744709968567
-0.4240744709968567
-0.4240744709968567
-0.4240744709968567
-0.4240744709968567
-0.4240744709968567
-0.4240744709968567
-0.4240744709968567
-0.4240744709968567
-0.4240744709968567
-0.4240744709968567
-0.4240744709968567
-0.4240744709968567
-0.4240744709968567
-0.4240744709968567
-0.4240744709968567
-0.4240744709968567
-0.4240744709968567
-0.4240744709968567
-0.4240744709968567
-0.4240744709968567
-0.4240744709968567
-0.4240744709968567
-0.4240744709968567
-0.4240744709968567
-0.4240744709968567
-0.4240744709968567
-0.4240744709968567
-0.4240744709968567
-0.4240744709968567
-0.4240744709968567
-0.4240744709968567
-0.4240744709968567
-0.4240744709968567
-0.4240744709968567
-0.4240744709968567
-0.4240744709968567
-0.4240744709968567
-0.4240744709968567
-0.4240744709968567
-0.4240744709968567
-0.4240744709968567
-0.4240744709968567
-0.4240744709968567
-0.4240744709968567
-0.4240744709968567
-0.4240744709968567
-0.4240744709968567
-0.4240744709968567
-0.4240744709968567
-0.4240744709968567
-0.4240744709968567
-0.4240744709968567
-0.4240744709968567
-0.4240744709968567
-0.4240744709968567
-0.4240744709968567
-0.4240744709968567
-0.4240744709968567
-0.4240744709968567
-0.4240744709968567
-0.4240744709968567
-0.4240744709968567
-0.4240744709968567
-0.4240744709968567
-0.4240744709968567
-0.4240744709968567
-0.4240744709968567
-0.4240744709968567
-0.4240744709968567
-0.4240744709968567
-0.4240744709968567
-0.4240744709968567
-0.4240744709968567
-0.4240744709968567
-0.4240744709968567
-0.4240744709968567
-0.4240744709968567
-0.4240744709968567
-0.4240744709968567
-0.4240744709968567
-0.4240744709968567
-0.4240744709968567
-0.4240744709968567
-0.4240744709968567
-0.4240744709968567
-0.4240744709968567
-0.4240744709968567
-0.4240744709968567
-0.4240744709968567
-0.4240744709968567
-0.4240744709968567
-0.4240744709968567
-0.4240744709968567
-0.4240744709968567
-0.4240744709968567
-0.4240744709968567
-0.4240744709968567
-0.4240744709968567
-0.4240744709968567
-0.4240744709968567
-0.4240744709968567
-0.4240744709968567
-0.4240744709968567
-0.4240744709968567
-0.4240744709968567
-0.4240744709968567
-0.4240744709968567
-0.4240744709968567
-0.4240744709968567
-0.4240744709968567
-0.4240744709968567
-0.4240744709968567
-0.4240744709968567
-0.4240744709968567
-0.4240744709968567
-0.4240744709968567
-0.4240744709968567
-0.4240744709968567
-0.4240744709968567
-0.4240744709968567
-0.4240744709968567
-0.4240744709968567
-0.4240744709968567
-0.4240744709968567
-0.4240744709968567
-0.4240744709968567
-0.4240744709968567
-0.4240744709968567
-0.4240744709968567
-0.4240744709968567
-0.4240744709968567
-0.4240744709968567
-0.4240744709968567
-0.4240744709968567
-0.4240744709968567
-0.4240744709968567
-0.4240744709968567
-0.4240744709968567
-0.4240744709968567
-0.4240744709968567
-0.4240744709968567
-0.4240744709968567
-0.4240744709968567
-0.4240744709968567
-0.4240744709968567
-0.4240744709968567
-0.4240744709968567
-0.4240744709968567
-0.4240744709968567
-0.4240744709968567
-0.4240744709968567
-0.4240744709968567
-0.4240744709968567
-0.4240744709968567
-0.4240744709968567
-0.4240744709968567
-0.4240744709968567
-0.4240744709968567
-0.4240744709968567
-0.4240744709968567
-0.4240744709968567
-0.4240744709968567
1.1541873216629028
2.796088695526123
2.821544647216797
0.3777843713760376
-0.4240744709968567
-0.4240744709968567
-0.4240744709968567
-0.4240744709968567
-0.4240744709968567
-0.4240744709968567
-0.4240744709968567
-0.4240744709968567
-0.4240744709968567
-0.4240744709968567
-0.4240744709968567
-0.4240744709968567
-0.4240744709968567
-0.4240744709968567
-0.4240744709968567
-0.4240744709968567
-0.4240744709968567
-0.4240744709968567
-0.4240744709968567
-0.4240744709968567
-0.4240744709968567
-0.4240744709968567
-0.4240744709968567
0.797805666923523
2.681537628173828
2.7706329822540283
2.796088695526123
0.36505645513534546
-0.4240744709968567
-0.4240744709968567
-0.4240744709968567
-0.4240744709968567
-0.4240744709968567
-0.4240744709968567
-0.4240744709968567
-0.4240744709968567
-0.4240744709968567
-0.4240744709968567
-0.4240744709968567
-0.4240744709968567
-0.4240744709968567
-0.4240744709968567
-0.4240744709968567
-0.4240744709968567
-0.4240744709968567
-0.4240744709968567
-0.4240744709968567
-0.4240744709968567
-0.4240744709968567
-0.4240744709968567
-0.4240744709968567
1.192371129989624
2.7706329822540283
2.7706329822540283
2.796088695526123
0.36505645513534546
-0.4240744709968567
-0.4240744709968567
-0.4240744709968567
-0.4240744709968567
-0.4240744709968567
-0.4240744709968567
-0.4240744709968567
-0.4240744709968567
-0.4240744709968567
-0.4240744709968567
-0.4240744709968567
-0.4240744709968567
-0.4240744709968567
-0.4240744709968567
-0.4240744709968567
-0.4240744709968567
-0.4240744709968567
-0.4240744709968567
-0.4240744709968567
-0.4240744709968567
-0.4240744709968567
-0.4240744709968567
0.4414239823818207
2.579714298248291
2.7706329822540283
2.2615163326263428
-0.029509006068110466
-0.3222511112689972
-0.4240744709968567
-0.4240744709968567
-0.4240744709968567
-0.4240744709968567
-0.4240744709968567
-0.4240744709968567
-0.4240744709968567
-0.4240744709968567
-0.4240744709968567
-0.4240744709968567
-0.4240744709968567
-0.4240744709968567
-0.4240744709968567
-0.4240744709968567
-0.4240744709968567
-0.4240744709968567
-0.4240744709968567
-0.4240744709968567
-0.4240744709968567
-0.4240744709968567
-0.4240744709968567
0.3396006226539612
2.477890729904175
2.7706329822540283
2.7706329822540283
0.7723498344421387
-0.4240744709968567
-0.4240744709968567
-0.4240744709968567
-0.4240744709968567
-0.4240744709968567
-0.4240744709968567
-0.4240744709968567
-0.4240744709968567
-0.4240744709968567
-0.4240744709968567
-0.4240744709968567
-0.4240744709968567
-0.4240744709968567
-0.4240744709968567
-0.4240744709968567
-0.4240744709968567
-0.4240744709968567
-0.4240744709968567
-0.4240744709968567
-0.4240744709968567
-0.4240744709968567
-0.4240744709968567
-0.4240744709968567
1.548752784729004
2.796088695526123
2.796088695526123
1.9815020561218262
-0.4240744709968567
-0.4240744709968567
-0.4240744709968567
-0.4240744709968567
-0.4240744709968567
-0.4240744709968567
-0.4240744709968567
-0.4240744709968567
-0.4240744709968567
-0.4240744709968567
-0.4240744709968567
-0.4240744709968567
-0.4240744709968567
-0.4240744709968567
-0.4240744709968567
-0.4240744709968567
-0.4240744709968567
-0.4240744709968567
-0.4240744709968567
-0.4240744709968567
-0.4240744709968567
-0.4240744709968567
-0.4240744709968567
-0.16951610147953033
2.796088695526123
2.7706329822540283
2.566986322402954
0.415968120098114
-0.4240744709968567
-0.4240744709968567
-0.4240744709968567
-0.4240744709968567
-0.4240744709968567
-0.4240744709968567
-0.4240744709968567
-0.4240744709968567
-0.4240744709968567
-0.4240744709968567
-0.4240744709968567
-0.4240744709968567
-0.4240744709968567
-0.4240744709968567
-0.4240744709968567
-0.4240744709968567
-0.4240744709968567
-0.4240744709968567
-0.4240744709968567
-0.4240744709968567
-0.4240744709968567
-0.4240744709968567
-0.01678108610212803
2.1851487159729004
2.796088695526123
2.7706329822540283
1.179643154144287
-0.4240744709968567
-0.4240744709968567
-0.4240744709968567
-0.4240744709968567
-0.4240744709968567
-0.4240744709968567
-0.4240744709968567
-0.4240744709968567
-0.4240744709968567
-0.4240744709968567
-0.4240744709968567
-0.4240744709968567
-0.4240744709968567
-0.4240744709968567
-0.4240744709968567
-0.4240744709968567
-0.4240744709968567
-0.4240744709968567
-0.4240744709968567
-0.4240744709968567
-0.4240744709968567
-0.4240744709968567
-0.4240744709968567
0.8996289968490601
2.7706329822540283
2.796088695526123
1.9178624153137207
-0.23315569758415222
-0.4240744709968567
-0.4240744709968567
-0.4240744709968567
-0.4240744709968567
-0.4240744709968567
-0.4240744709968567
-0.4240744709968567
-0.4240744709968567
-0.4240744709968567
-0.4240744709968567
-0.4240744709968567
-0.4240744709968567
-0.4240744709968567
-0.4240744709968567
-0.4240744709968567
-0.4240744709968567
-0.4240744709968567
-0.4240744709968567
-0.4240744709968567
-0.4240744709968567
-0.4240744709968567
-0.4240744709968567
0.5941590070724487
2.6306259632110596
2.7706329822540283
2.0324137210845947
-0.13133235275745392
-0.4240744709968567
-0.4240744709968567
-0.4240744709968567
-0.4240744709968567
-0.4240744709968567
-0.4240744709968567
-0.4240744709968567
-0.4240744709968567
-0.4240744709968567
-0.4240744709968567
-0.4240744709968567
-0.4240744709968567
-0.4240744709968567
-0.4240744709968567
-0.4240744709968567
-0.4240744709968567
-0.4240744709968567
-0.4240744709968567
-0.4240744709968567
-0.4240744709968567
-0.4240744709968567
-0.4240744709968567
-0.01678108610212803
2.796088695526123
2.796088695526123
2.796088695526123
1.5996644496917725
-0.4240744709968567
-0.4240744709968567
-0.4240744709968567
-0.4240744709968567
-0.4240744709968567
-0.4240744709968567
-0.4240744709968567
-0.4240744709968567
-0.4240744709968567
-0.4240744709968567
-0.4240744709968567
-0.4240744709968567
-0.4240744709968567
-0.4240744709968567
-0.4240744709968567
-0.4240744709968567
-0.4240744709968567
-0.4240744709968567
-0.4240744709968567
-0.4240744709968567
-0.4240744709968567
-0.4240744709968567
-0.4240744709968567
1.4978411197662354
2.7706329822540283
2.7706329822540283
2.7706329822540283
0.07231433689594269
-0.4240744709968567
-0.4240744709968567
-0.4240744709968567
-0.4240744709968567
-0.4240744709968567
-0.4240744709968567
-0.4240744709968567
-0.4240744709968567
-0.4240744709968567
-0.4240744709968567
-0.4240744709968567
-0.4240744709968567
-0.4240744709968567
-0.4240744709968567
-0.4240744709968567
-0.4240744709968567
-0.4240744709968567
-0.4240744709968567
-0.4240744709968567
-0.4240744709968567
-0.4240744709968567
-0.4240744709968567
0.18686559796333313
2.3887953758239746
2.7706329822540283
2.7706329822540283
1.765127420425415
-0.4240744709968567
-0.4240744709968567
-0.4240744709968567
-0.4240744709968567
-0.4240744709968567
-0.4240744709968567
-0.4240744709968567
-0.4240744709968567
-0.4240744709968567
-0.4240744709968567
-0.4240744709968567
-0.4240744709968567
-0.4240744709968567
-0.4240744709968567
-0.4240744709968567
-0.4240744709968567
-0.4240744709968567
-0.4240744709968567
-0.4240744709968567
-0.4240744709968567
-0.4240744709968567
-0.4240744709968567
-0.4240744709968567
2.554258346557617
2.7706329822540283
2.7706329822540283
2.0705974102020264
-0.27133944630622864
-0.4240744709968567
-0.4240744709968567
-0.4240744709968567
-0.4240744709968567
-0.4240744709968567
-0.4240744709968567
-0.4240744709968567
-0.4240744709968567
-0.4240744709968567
-0.4240744709968567
-0.4240744709968567
-0.4240744709968567
-0.4240744709968567
-0.4240744709968567
-0.4240744709968567
-0.4240744709968567
-0.4240744709968567
-0.4240744709968567
-0.4240744709968567
-0.4240744709968567
-0.4240744709968567
-0.4240744709968567
-0.4240744709968567
2.796088695526123
2.7706329822540283
2.7706329822540283
0.708710253238678
-0.4240744709968567
-0.4240744709968567
-0.4240744709968567
-0.4240744709968567
-0.4240744709968567
-0.4240744709968567
-0.4240744709968567
-0.4240744709968567
-0.4240744709968567
-0.4240744709968567
-0.4240744709968567
-0.4240744709968567
-0.4240744709968567
-0.4240744709968567
-0.4240744709968567
-0.4240744709968567
-0.4240744709968567
-0.4240744709968567
-0.4240744709968567
-0.4240744709968567
-0.4240744709968567
-0.4240744709968567
-0.4240744709968567
1.5996644496917725
2.821544647216797
2.796088695526123
2.796088695526123
-0.029509006068110466
-0.4240744709968567
-0.4240744709968567
-0.4240744709968567
-0.4240744709968567
-0.4240744709968567
-0.4240744709968567
-0.4240744709968567
-0.4240744709968567
-0.4240744709968567
-0.4240744709968567
-0.4240744709968567
-0.4240744709968567
-0.4240744709968567
-0.4240744709968567
-0.4240744709968567
-0.4240744709968567
-0.4240744709968567
-0.4240744709968567
-0.4240744709968567
-0.4240744709968567
-0.4240744709968567
-0.4240744709968567
0.18686559796333313
2.477890729904175
2.796088695526123
2.7197213172912598
1.357833981513977
-0.3222511112689972
-0.4240744709968567
-0.4240744709968567
-0.4240744709968567
-0.4240744709968567
-0.4240744709968567
-0.4240744709968567
-0.4240744709968567
-0.4240744709968567
-0.4240744709968567
-0.4240744709968567
-0.4240744709968567
-0.4240744709968567
-0.4240744709968567
-0.4240744709968567
-0.4240744709968567
-0.4240744709968567
-0.4240744709968567
-0.4240744709968567
-0.4240744709968567
-0.4240744709968567
-0.4240744709968567
-0.4240744709968567
0.39051228761672974
2.7706329822540283
2.796088695526123
2.3760673999786377
-0.4240744709968567
-0.4240744709968567
-0.4240744709968567
-0.4240744709968567
-0.4240744709968567
-0.4240744709968567
-0.4240744709968567
-0.4240744709968567
-0.4240744709968567
-0.4240744709968567
-0.4240744709968567
-0.4240744709968567
-0.4240744709968567
-0.4240744709968567
-0.4240744709968567
-0.4240744709968567
-0.4240744709968567
-0.4240744709968567
-0.4240744709968567
-0.4240744709968567
-0.4240744709968567
-0.4240744709968567
-0.4240744709968567
-0.4240744709968567
0.39051228761672974
2.7706329822540283
2.796088695526123
2.3760673999786377
-0.4240744709968567
-0.4240744709968567
-0.4240744709968567
-0.4240744709968567
-0.4240744709968567
-0.4240744709968567
-0.4240744709968567
-0.4240744709968567
-0.4240744709968567
-0.4240744709968567
-0.4240744709968567
-0.4240744709968567
-0.4240744709968567
-0.4240744709968567
-0.4240744709968567
-0.4240744709968567
-0.4240744709968567
-0.4240744709968567
-0.4240744709968567
-0.4240744709968567
-0.4240744709968567
-0.4240744709968567
-0.4240744709968567
-0.4240744709968567
-0.11860442906618118
2.0324137210845947
2.796088695526123
2.3760673999786377
-0.4240744709968567
-0.4240744709968567
-0.4240744709968567
-0.4240744709968567
-0.4240744709968567
-0.4240744709968567
-0.4240744709968567
-0.4240744709968567
-0.4240744709968567
-0.4240744709968567
-0.4240744709968567
-0.4240744709968567
-0.4240744709968567
-0.4240744709968567
-0.4240744709968567
-0.4240744709968567
-0.4240744709968567
-0.4240744709968567
-0.4240744709968567
-0.4240744709968567
-0.4240744709968567
-0.4240744709968567
-0.4240744709968567
-0.4240744709968567
-0.4240744709968567
-0.4240744709968567
-0.4240744709968567
-0.4240744709968567
-0.4240744709968567
-0.4240744709968567
-0.4240744709968567
-0.4240744709968567
-0.4240744709968567
-0.4240744709968567
-0.4240744709968567
-0.4240744709968567
-0.4240744709968567
-0.4240744709968567
-0.4240744709968567
-0.4240744709968567
-0.4240744709968567
-0.4240744709968567
-0.4240744709968567
-0.4240744709968567
-0.4240744709968567
-0.4240744709968567
-0.4240744709968567
-0.4240744709968567
-0.4240744709968567
-0.4240744709968567
-0.4240744709968567
-0.4240744709968567
-0.4240744709968567
-0.4240744709968567
-0.4240744709968567
-0.4240744709968567
-0.4240744709968567
-0.4240744709968567
-0.4240744709968567
-0.4240744709968567
-0.4240744709968567
-0.4240744709968567
-0.4240744709968567
-0.4240744709968567
-0.4240744709968567
-0.4240744709968567
-0.4240744709968567
-0.4240744709968567
-0.4240744709968567
-0.4240744709968567
-0.4240744709968567
-0.4240744709968567
-0.4240744709968567
-0.4240744709968567
-0.4240744709968567
-0.4240744709968567
-0.4240744709968567
-0.4240744709968567
-0.4240744709968567
-0.4240744709968567
-0.4240744709968567
-0.4240744709968567
-0.4240744709968567
-0.4240744709968567
-0.4240744709968567
-0.4240744709968567
-0.4240744709968567
-0.4240744709968567
-0.4240744709968567
-0.4240744709968567
-0.4240744709968567
-0.4240744709968567
-0.4240744709968567
-0.4240744709968567
-0.4240744709968567
-0.4240744709968567
-0.4240744709968567
-0.4240744709968567
-0.4240744709968567
-0.4240744709968567
